*** Begin logging at Thu Apr 03 22:48:05 2008

20:48:05: client->server
00000000| 3C 5A 20 2F 3E 00                                |<Z />.
                              
20:48:12: client->server
00000000| 3C 48 45 4C 4F 20 6E 61 6D 65 3D 22 49 44 36 43  |<HELO name="ID6C
00000010| 32 42 35 43 46 37 2D 55 68 41 58 38 41 74 4B 22  |2B5CF7-UhAX8AtK"
00000020| 20 73 78 3D 22 4D 22 20 74 69 64 3D 22 77 30 22  | sx="M" tid="w0"
00000030| 20 2F 3E 00                                      | />.
                                    
20:48:12: server->client
00000000| 3C 48 45 4C 4F 20 75 6E 61 6D 65 3D 22 25 34 31  |<HELO uname="%41
00000010| 25 36 45 25 36 46 25 36 45 25 32 44 25 36 42 25  |%6E%6F%6E%2D%6B%
00000020| 37 35 25 36 45 22 20 70 72 6F 66 3D 22 36 2C 30  |75%6E" prof="6,0
00000030| 2C 31 30 39 32 2C 2D 38 38 30 2C 39 2C 31 31 2C  |,1092,-880,9,11,
00000040| 31 36 2C 33 34 2C 35 2C 33 36 32 2C 35 39 2C 38  |16,34,5,362,59,8
00000050| 30 2C 31 36 34 2C 36 31 22 20 70 72 6F 66 33 3D  |0,164,61" prof3=
00000060| 22 30 2C 30 2C 31 33 38 37 2C 2D 31 39 39 2C 30  |"0,0,1387,-199,0
00000070| 2C 32 2C 34 2C 30 2C 31 2C 33 36 2C 31 2C 36 2C  |,2,4,0,1,36,1,6,
00000080| 31 32 2C 37 22 20 65 78 70 69 72 65 3D 22 32 30  |12,7" expire="20
00000090| 30 38 30 35 31 33 22 2F 3E 00                    |080513"/>.
                  
20:48:13: server->client
00000000| 3C 4C 4E 20 6E 3D 22 4F 6F 31 4E 49 31 47 6D 31  |<LN n="Oo1NI1Gm1
00000010| 42 4D 31 43 34 43 31 43 32 43 35 42 32 30 42 31  |BM1C4C1C2C5B20B1
00000020| 42 32 42 31 43 31 42 32 42 31 44 34 42 34 77 31  |B2B1C1B2B1D4B4w1
00000030| 45 32 55 31 42 45 31 4D 33 63 31 32 45 31 45 33  |E2U1BE1M3c12E1E3
00000040| 42 4D 31 36 63 38 42 31 42 31 56 31 68 33 4A 31  |BM16c8B1B1V1h3J1
00000050| 44 22 2F 3E 00                                   |D"/>.
                                 
20:48:13: client->server
00000000| 3C 50 58 52 20 56 3D 22 30 22 20 2F 3E 00        |<PXR V="0" />.
      
20:48:13: server->client
00000000| 3C 50 52 4F 46 20 6D 70 72 6F 66 3D 22 43 31 46  |<PROF mprof="C1F
00000010| 31 47 31 4C 31 2D 46 65 31 56 41 22 20 72 61 6E  |1G1L1-Fe1VA" ran
00000020| 6B 69 6E 67 3D 22 31 44 41 6A 32 44 41 73 35 48  |king="1DAj2DAs5H
00000030| 47 6C 22 2F 3E 00                                |Gl"/>.
                              
20:48:13: client->server
00000000| 3C 43 48 41 54 20 74 65 78 74 3D 22 25 32 46 77  |<CHAT text="%2Fw
00000010| 67 22 20 2F 3E 00                                |g" />.
                              
20:48:14: server->client
00000000| 3C 57 47 20 74 65 78 74 3D 22 32 35 43 32 38 41  |<WG text="25C28A
00000010| 30 33 2C 31 33 31 38 2C 30 35 3A 32 38 2C 39 37  |03,1318,05:28,97
00000020| 2C 34 34 4B 31 34 34 4F 56 34 34 4B 68 34 34 4B  |,44K144OV44Kh44K
00000030| 6B 34 34 4B 69 34 70 69 46 35 61 65 72 2C 31 35  |k44Ki4piF5aer,15
00000040| 2C 32 30 31 36 2C 36 61 4B 6F 34 34 47 75 35 34  |,2016,6aKo44Gu54
00000050| 6D 4D 34 34 4B 53 36 62 4F 30 34 34 47 50 34 34  |mM44KS6bO044GP44
00000060| 4B 33 34 34 4B 72 2C 31 34 2C 31 39 36 34 2C 34  |K344Kr,14,1964,4
00000070| 34 4F 63 34 34 4F 4B 34 34 4F 63 2C 31 33 2C 31  |4Oc44OK44Oc,13,1
00000080| 38 34 37 2C 35 62 32 78 35 71 32 6D 36 49 43 46  |847,5b2x5q2m6ICF
00000090| 2C 31 33 2C 31 38 31 33 25 30 44 36 38 30 37 36  |,13,1813%0D68076
000000A0| 38 34 43 2C 31 34 36 31 2C 30 35 3A 33 30 2C 39  |84C,1461,05:30,9
000000B0| 37 2C 4D 54 6B 30 4E 57 74 76 2C 31 34 2C 31 38  |7,MTk0NWtv,14,18
000000C0| 37 33 2C 34 34 43 54 35 71 47 43 36 61 61 73 34  |73,44CT5qGC6aas4
000000D0| 34 43 54 2C 31 36 2C 31 39 39 31 2C 54 57 46 7A  |4CT,16,1991,TWFz
000000E0| 63 32 46 75 5A 32 38 3D 2C 31 36 2C 31 39 36 38  |c2FuZ28=,16,1968
000000F0| 2C 34 34 4B 34 34 34 4B 6B 34 34 4B 37 2C 31 35  |,44K444Kk44K7,15
00000100| 2C 31 39 31 31 25 30 44 34 39 38 45 31 39 42 44  |,1911%0D498E19BD
00000110| 2C 31 33 31 39 2C 30 35 3A 33 33 2C 39 37 2C 36  |,1319,05:33,97,6
00000120| 4B 4F 50 52 45 52 55 2C 31 36 2C 32 30 31 38 2C  |KOPRERU,16,2018,
00000130| 4D 54 4C 6C 68 6F 59 3D 2C 31 34 2C 31 38 37 36  |MTLlhoY=,14,1876
00000140| 2C 51 65 4F 43 75 65 4F 43 73 51 3D 3D 2C 31 33  |,QeOCueOCsQ==,13
00000150| 2C 31 38 33 30 2C 59 56 39 7A 61 47 6C 66 62 57  |,1830,YV9zaGlfbW
00000160| 38 3D 2C 31 34 2C 31 39 33 35 25 30 44 37 35 45  |8=,14,1935%0D75E
00000170| 41 45 41 34 44 2C 31 33 32 37 2C 30 35 3A 33 36  |AEA4D,1327,05:36
00000180| 2C 39 37 2C 35 36 6D 36 36 49 43 7A 34 34 4B 69  |,97,56m66ICz44Ki
00000190| 34 34 4F 76 34 34 4F 38 2C 31 34 2C 31 39 35 33  |44Ov44O8,14,1953
000001A0| 2C 34 34 43 4D 34 34 4B 41 34 34 47 74 34 34 47  |,44CM44KA44Gt44G
000001B0| 4B 34 34 43 4E 2C 31 34 2C 31 39 30 39 2C 34 34  |K44CN,14,1909,44
000001C0| 47 74 34 34 4B 4B 34 34 4B 30 34 34 4F 65 2C 31  |Gt44KK44K044Oe,1
000001D0| 34 2C 31 39 35 32 2C 65 58 52 31 61 32 74 35 2C  |4,1952,eXR1a2t5,
000001E0| 31 33 2C 31 38 32 31 25 30 44 33 32 35 38 44 32  |13,1821%0D3258D2
000001F0| 45 44 2C 31 33 31 39 2C 30 35 3A 34 30 2C 39 37  |ED,1319,05:40,97
00000200| 2C 36 62 4F 70 35 70 6D 43 36 4B 69 49 2C 31 35  |,6bOp5pmC6KiI,15
00000210| 2C 31 39 36 31 2C 55 32 78 76 64 31 4D 3D 2C 31  |,1961,U2xvd1M=,1
00000220| 34 2C 31 38 39 36 2C 34 34 4F 63 34 34 4F 57 34  |4,1896,44Oc44OW4
00000230| 34 47 4B 34 34 47 59 34 34 47 56 34 34 4B 54 2C  |4GK44GY44GV44KT,
00000240| 31 33 2C 31 38 36 39 2C 34 34 4B 49 34 34 47 6A  |13,1869,44KI44Gj
00000250| 34 34 47 68 2C 31 35 2C 31 39 32 32 25 30 44 36  |44Gh,15,1922%0D6
00000260| 33 44 37 30 35 37 33 2C 31 33 32 37 2C 30 35 3A  |3D70573,1327,05:
00000270| 34 30 2C 39 37 2C 59 6D 39 69 4D 6A 6B 35 2C 31  |40,97,Ym9iMjk5,1
00000280| 34 2C 31 38 37 31 2C 55 48 56 30 59 51 3D 3D 2C  |4,1871,UHV0YQ==,
00000290| 31 34 2C 31 38 37 38 2C 34 34 4B 6B 34 34 4F 46  |14,1878,44Kk44OF
000002A0| 34 34 4F 42 37 37 79 67 34 34 47 74 34 34 47 54  |44OB77yg44Gt44GT
000002B0| 35 5A 43 4D 35 35 75 66 2C 31 33 2C 31 39 34 30  |5ZCM55uf,13,1940
000002C0| 2C 34 34 47 4B 35 61 53 61 35 36 61 50 34 34 47  |,44GK5aSa56aP44G
000002D0| 75 35 5A 75 7A 2C 31 33 2C 31 38 36 30 25 30 44  |u5Zuz,13,1860%0D
000002E0| 30 33 31 46 36 39 45 36 2C 31 34 32 39 2C 30 35  |031F69E6,1429,05
000002F0| 3A 34 32 2C 39 37 2C 34 34 47 38 34 34 4B 4C 34  |:42,97,44G844KL4
00000300| 34 47 4E 34 34 4B 44 34 34 47 72 35 5A 43 62 2C  |4GN44KD44Gr5ZCb,
00000310| 31 35 2C 32 30 31 30 2C 5A 47 56 74 59 57 39 75  |15,2010,ZGVtYW9u
00000320| 4D 6A 4D 3D 2C 31 34 2C 31 39 31 32 2C 34 34 4B  |MjM=,14,1912,44K
00000330| 31 34 34 4F 7A 34 34 4B 2F 34 34 4B 76 34 34 4F  |144Oz44K/44Kv44O
00000340| 74 34 34 4F 38 34 34 4B 35 2C 31 34 2C 31 38 33  |t44O844K5,14,183
00000350| 32 2C 36 49 4B 4A 36 4A 32 75 2C 31 35 2C 32 30  |2,6IKJ6J2u,15,20
00000360| 30 32 25 30 44 35 36 42 39 33 31 42 37 2C 31 33  |02%0D56B931B7,13
00000370| 32 37 2C 30 35 3A 34 34 2C 39 37 2C 34 34 4B 6B  |27,05:44,97,44Kk
00000380| 34 34 4F 72 34 34 47 75 35 6F 47 76 35 61 32 51  |44Or44Gu5oGv5a2Q
00000390| 2C 31 34 2C 31 38 39 33 2C 51 65 4F 43 75 65 4F  |,14,1893,QeOCueO
000003A0| 43 73 51 3D 3D 2C 31 33 2C 31 38 32 34 2C 4D 54  |CsQ==,13,1824,MT
000003B0| 4C 6C 68 6F 59 3D 2C 31 34 2C 31 38 37 35 2C 37  |LlhoY=,14,1875,7
000003C0| 37 79 6B 37 37 79 49 35 36 79 73 35 4C 71 4D 35  |7yk77yI56ys5LqM5
000003D0| 62 32 35 35 5A 4F 68 35 4C 79 61 37 37 79 4A 2C  |b255ZOh5Lya77yJ,
000003E0| 31 33 2C 31 38 39 34 25 30 44 37 35 37 32 37 31  |13,1894%0D757271
000003F0| 44 38 2C 31 34 31 39 2C 30 35 3A 34 36 2C 39 37  |D8,1419,05:46,97
00000400| 2C 34 34 43 54 35 71 47 43 36 61 61 73 34 34 43  |,44CT5qGC6aas44C
00000410| 54 2C 31 36 2C 31 39 38 35 2C 36 49 71 78 35 37  |T,16,1985,6Iqx57
00000420| 4B 4A 35 35 65 48 2C 31 35 2C 31 39 36 35 2C 4D  |KJ55eH,15,1965,M
00000430| 54 6B 30 4E 57 74 76 2C 31 34 2C 31 38 37 32 2C  |Tk0NWtv,14,1872,
00000440| 59 56 39 7A 61 47 6C 66 62 57 38 3D 2C 31 34 2C  |YV9zaGlfbW8=,14,
00000450| 31 39 34 31 22 2F 3E 00                          |1941"/>.
                        
20:48:15: client->server
00000000| 3C 5A 20 2F 3E 00 3C 50 58 52 20 76 3D 22 30 22  |<Z />.<PXR v="0"
00000010| 20 2F 3E 00                                      | />.
                                    
20:48:20: client->server
00000000| 3C 5A 20 2F 3E 00 3C 50 58 52 20 76 3D 22 30 22  |<Z />.<PXR v="0"
00000010| 20 2F 3E 00                                      | />.
                                    
20:48:20: server->client
00000000| 3C 4C 4E 20 6E 3D 22 4F 6F 31 4E 49 31 47 6E 31  |<LN n="Oo1NI1Gn1
00000010| 42 49 31 44 31 44 32 44 31 43 31 43 32 43 31 43  |BI1D1D2D1C1C2C1C
00000020| 34 42 32 30 42 31 42 32 42 31 43 31 42 32 42 31  |4B20B1B2B1C1B2B1
00000030| 44 34 42 34 77 31 45 32 55 31 42 45 31 49 33 63  |D4B4w1E2U1BE1I3c
00000040| 31 32 45 31 45 33 42 4D 31 36 63 38 42 32 59 31  |12E1E3BM16c8B2Y1
00000050| 68 33 4A 31 44 22 2F 3E 00                       |h3J1D"/>.
                     
20:48:25: client->server
00000000| 3C 5A 20 2F 3E 00 3C 50 58 52 20 76 3D 22 30 22  |<Z />.<PXR v="0"
00000010| 20 2F 3E 00                                      | />.
                                    
20:48:25: server->client
00000000| 3C 4C 4E 20 6E 3D 22 4F 72 31 4E 4C 31 47 6D 31  |<LN n="Or1NL1Gm1
00000010| 42 49 31 42 34 42 31 42 32 42 31 37 42 38 42 31  |BI1B4B1B2B17B8B1
00000020| 42 32 42 31 43 31 42 32 42 31 44 34 42 34 42 41  |B2B1C1B2B1D4B4BA
00000030| 31 45 32 55 31 42 45 31 49 33 63 31 32 45 31 45  |1E2U1BE1I3c12E1E
00000040| 33 42 4D 31 36 63 38 42 31 42 31 59 31 68 33 4A  |3BM16c8B1B1Y1h3J
00000050| 31 44 22 2F 3E 00                                |1D"/>.
                              
20:48:30: client->server
00000000| 3C 5A 20 2F 3E 00 3C 50 58 52 20 76 3D 22 30 22  |<Z />.<PXR v="0"
00000010| 20 2F 3E 00                                      | />.
                                    
20:48:30: server->client
00000000| 3C 4C 4E 20 6E 3D 22 4F 6B 31 4E 46 31 47 6C 31  |<LN n="Ok1NF1Gl1
00000010| 42 41 31 42 34 42 31 42 32 42 31 42 31 36 42 38  |BA1B4B1B2B1B16B8
00000020| 42 31 42 32 42 31 43 31 42 32 42 31 44 34 42 34  |B1B2B1C1B2B1D4B4
00000030| 77 31 45 32 55 31 42 45 31 49 33 63 31 32 45 31  |w1E2U1BE1I3c12E1
00000040| 45 33 42 49 31 36 63 39 42 31 62 31 68 33 4A 31  |E3BI16c9B1b1h3J1
00000050| 44 22 2F 3E 00                                   |D"/>.
                                 
20:48:35: client->server
00000000| 3C 5A 20 2F 3E 00 3C 50 58 52 20 76 3D 22 30 22  |<Z />.<PXR v="0"
00000010| 20 2F 3E 00                                      | />.
                                    
20:48:35: server->client
00000000| 3C 4C 4E 20 6E 3D 22 4F 6B 31 4E 46 31 47 6C 31  |<LN n="Ok1NF1Gl1
00000010| 42 41 31 42 34 43 31 42 32 42 31 42 31 36 42 38  |BA1B4C1B2B1B16B8
00000020| 42 31 42 32 42 31 43 31 42 32 42 31 44 34 42 34  |B1B2B1C1B2B1D4B4
00000030| 77 31 45 32 55 31 42 45 31 49 33 63 31 32 45 31  |w1E2U1BE1I3c12E1
00000040| 45 33 42 49 31 36 63 39 42 31 62 31 68 33 4A 31  |E3BI16c9B1b1h3J1
00000050| 44 22 2F 3E 00                                   |D"/>.
                                 
20:48:40: client->server
00000000| 3C 5A 20 2F 3E 00 3C 50 58 52 20 76 3D 22 30 22  |<Z />.<PXR v="0"
00000010| 20 2F 3E 00                                      | />.
                                    
20:48:40: server->client
00000000| 3C 4C 4E 20 6E 3D 22 4F 6B 31 4E 46 31 47 70 31  |<LN n="Ok1NF1Gp1
00000010| 42 41 31 42 33 42 31 43 31 42 32 42 31 42 31 36  |BA1B3B1C1B2B1B16
00000020| 42 38 42 31 42 32 42 31 43 31 42 32 42 31 44 34  |B8B1B2B1C1B2B1D4
00000030| 42 34 73 31 45 32 55 31 42 45 31 49 33 63 31 32  |B4s1E2U1BE1I3c12
00000040| 45 31 45 33 42 49 31 36 63 39 42 31 62 31 68 33  |E1E3BI16c9B1b1h3
00000050| 4A 31 44 22 2F 3E 00                             |J1D"/>.
                           
20:48:45: client->server
00000000| 3C 5A 20 2F 3E 00 3C 50 58 52 20 76 3D 22 30 22  |<Z />.<PXR v="0"
00000010| 20 2F 3E 00                                      | />.
                                    
20:48:45: server->client
00000000| 3C 4C 4E 20 6E 3D 22 4F 65 31 4D 7A 31 47 6E 31  |<LN n="Oe1Mz1Gn1
00000010| 77 31 42 33 42 31 43 31 42 32 42 31 42 32 34 42  |w1B3B1C1B2B1B24B
00000020| 31 42 32 42 31 43 31 42 32 42 31 44 34 42 34 6F  |1B2B1C1B2B1D4B4o
00000030| 31 45 32 55 31 42 45 31 49 33 59 31 32 45 31 45  |1E2U1BE1I3Y12E1E
00000040| 33 42 4D 31 36 63 39 43 31 62 31 68 33 4A 31 44  |3BM16c9C1b1h3J1D
00000050| 22 2F 3E 00                                      |"/>.
                                    
20:48:50: client->server
00000000| 3C 5A 20 2F 3E 00 3C 50 58 52 20 76 3D 22 30 22  |<Z />.<PXR v="0"
00000010| 20 2F 3E 00                                      | />.
                                    
20:48:50: server->client
00000000| 3C 50 52 4F 46 20 72 61 6E 6B 69 6E 67 3D 22 31  |<PROF ranking="1
00000010| 44 41 6B 32 44 41 74 35 48 47 6D 22 2F 3E 00     |DAk2DAt5HGm"/>.
   
20:48:55: client->server
00000000| 3C 5A 20 2F 3E 00 3C 50 58 52 20 76 3D 22 30 22  |<Z />.<PXR v="0"
00000010| 20 2F 3E 00                                      | />.
                                    
20:48:55: server->client
00000000| 3C 4C 4E 20 6E 3D 22 4F 5A 31 4D 73 31 47 6F 31  |<LN n="OZ1Ms1Go1
00000010| 73 31 42 33 42 31 43 31 42 32 42 31 42 31 36 42  |s1B3B1C1B2B1B16B
00000020| 38 42 31 42 32 42 31 44 31 42 32 42 31 44 34 43  |8B1B2B1D1B2B1D4C
00000030| 34 6F 33 55 31 42 45 31 45 33 59 31 32 45 31 45  |4o3U1BE1E3Y12E1E
00000040| 33 42 4D 31 36 63 31 30 62 31 6B 33 47 31 44 22  |3BM16c10b1k3G1D"
00000050| 2F 3E 00                                         |/>.
                                       
20:49:00: client->server
00000000| 3C 5A 20 2F 3E 00 3C 50 58 52 20 76 3D 22 30 22  |<Z />.<PXR v="0"
00000010| 20 2F 3E 00                                      | />.
                                    
20:49:00: server->client
00000000| 3C 4C 4E 20 6E 3D 22 4F 56 31 4D 6F 31 47 70 31  |<LN n="OV1Mo1Gp1
00000010| 42 41 31 43 33 43 31 43 31 42 32 42 31 37 42 38  |BA1C3C1C1B2B17B8
00000020| 42 31 42 32 42 31 44 31 42 32 42 31 44 34 43 34  |B1B2B1D1B2B1D4C4
00000030| 6F 33 55 31 42 45 31 45 33 63 31 32 45 31 45 33  |o3U1BE1E3c12E1E3
00000040| 42 4D 31 36 63 31 30 59 31 68 33 44 31 44 22 2F  |BM16c10Y1h3D1D"/
00000050| 3E 00                                            |>.
                                          
20:49:05: client->server
00000000| 3C 5A 20 2F 3E 00 3C 50 58 52 20 76 3D 22 30 22  |<Z />.<PXR v="0"
00000010| 20 2F 3E 00                                      | />.
                                    
20:49:05: server->client
00000000| 3C 4C 4E 20 6E 3D 22 4F 59 31 4D 72 31 47 76 31  |<LN n="OY1Mr1Gv1
00000010| 42 45 31 43 31 42 32 43 31 43 31 43 32 42 31 42  |BE1C1B2C1C1C2B1B
00000020| 31 36 42 38 42 31 42 32 42 31 44 31 42 32 42 31  |16B8B1B2B1D1B2B1
00000030| 44 34 43 34 6F 33 55 31 42 45 31 45 33 63 31 32  |D4C4o3U1BE1E3c12
00000040| 45 31 45 33 42 4D 31 36 63 38 42 32 56 31 68 31  |E1E3BM16c8B2V1h1
00000050| 43 32 44 31 44 22 2F 3E 00                       |C2D1D"/>.
                     
20:49:10: client->server
00000000| 3C 5A 20 2F 3E 00 3C 50 58 52 20 76 3D 22 30 22  |<Z />.<PXR v="0"
00000010| 20 2F 3E 00                                      | />.
                                    
20:49:10: server->client
00000000| 3C 4C 4E 20 6E 3D 22 4F 65 31 4E 42 31 48 42 31  |<LN n="Oe1NB1HB1
00000010| 42 45 31 42 31 43 32 43 31 43 31 44 32 42 31 37  |BE1B1C2C1C1D2B17
00000020| 42 38 42 31 42 32 42 31 44 31 42 32 42 31 44 34  |B8B1B2B1D1B2B1D4
00000030| 43 34 73 33 55 31 42 45 31 45 33 63 31 32 45 31  |C4s3U1BE1E3c12E1
00000040| 45 33 42 4D 31 36 63 38 42 32 56 31 68 31 43 32  |E3BM16c8B2V1h1C2
00000050| 44 31 44 22 2F 3E 00                             |D1D"/>.
                           
20:49:13: client->server
00000000| 3C 43 48 41 54 20 74 65 78 74 3D 22 25 32 46 77  |<CHAT text="%2Fw
00000010| 67 22 20 2F 3E 00                                |g" />.
                              
20:49:13: server->client
00000000| 3C 57 47 20 74 65 78 74 3D 22 32 35 43 32 38 41  |<WG text="25C28A
00000010| 30 33 2C 31 33 31 38 2C 30 35 3A 32 38 2C 39 37  |03,1318,05:28,97
00000020| 2C 34 34 4B 31 34 34 4F 56 34 34 4B 68 34 34 4B  |,44K144OV44Kh44K
00000030| 6B 34 34 4B 69 34 70 69 46 35 61 65 72 2C 31 35  |k44Ki4piF5aer,15
00000040| 2C 32 30 31 36 2C 36 61 4B 6F 34 34 47 75 35 34  |,2016,6aKo44Gu54
00000050| 6D 4D 34 34 4B 53 36 62 4F 30 34 34 47 50 34 34  |mM44KS6bO044GP44
00000060| 4B 33 34 34 4B 72 2C 31 34 2C 31 39 36 34 2C 34  |K344Kr,14,1964,4
00000070| 34 4F 63 34 34 4F 4B 34 34 4F 63 2C 31 33 2C 31  |4Oc44OK44Oc,13,1
00000080| 38 34 37 2C 35 62 32 78 35 71 32 6D 36 49 43 46  |847,5b2x5q2m6ICF
00000090| 2C 31 33 2C 31 38 31 33 25 30 44 36 38 30 37 36  |,13,1813%0D68076
000000A0| 38 34 43 2C 31 34 36 31 2C 30 35 3A 33 30 2C 39  |84C,1461,05:30,9
000000B0| 37 2C 4D 54 6B 30 4E 57 74 76 2C 31 34 2C 31 38  |7,MTk0NWtv,14,18
000000C0| 37 33 2C 34 34 43 54 35 71 47 43 36 61 61 73 34  |73,44CT5qGC6aas4
000000D0| 34 43 54 2C 31 36 2C 31 39 39 31 2C 54 57 46 7A  |4CT,16,1991,TWFz
000000E0| 63 32 46 75 5A 32 38 3D 2C 31 36 2C 31 39 36 38  |c2FuZ28=,16,1968
000000F0| 2C 34 34 4B 34 34 34 4B 6B 34 34 4B 37 2C 31 35  |,44K444Kk44K7,15
00000100| 2C 31 39 31 31 25 30 44 34 39 38 45 31 39 42 44  |,1911%0D498E19BD
00000110| 2C 31 33 31 39 2C 30 35 3A 33 33 2C 39 37 2C 36  |,1319,05:33,97,6
00000120| 4B 4F 50 52 45 52 55 2C 31 36 2C 32 30 31 38 2C  |KOPRERU,16,2018,
00000130| 4D 54 4C 6C 68 6F 59 3D 2C 31 34 2C 31 38 37 36  |MTLlhoY=,14,1876
00000140| 2C 51 65 4F 43 75 65 4F 43 73 51 3D 3D 2C 31 33  |,QeOCueOCsQ==,13
00000150| 2C 31 38 33 30 2C 59 56 39 7A 61 47 6C 66 62 57  |,1830,YV9zaGlfbW
00000160| 38 3D 2C 31 34 2C 31 39 33 35 25 30 44 37 35 45  |8=,14,1935%0D75E
00000170| 41 45 41 34 44 2C 31 33 32 37 2C 30 35 3A 33 36  |AEA4D,1327,05:36
00000180| 2C 39 37 2C 35 36 6D 36 36 49 43 7A 34 34 4B 69  |,97,56m66ICz44Ki
00000190| 34 34 4F 76 34 34 4F 38 2C 31 34 2C 31 39 35 33  |44Ov44O8,14,1953
000001A0| 2C 34 34 43 4D 34 34 4B 41 34 34 47 74 34 34 47  |,44CM44KA44Gt44G
000001B0| 4B 34 34 43 4E 2C 31 34 2C 31 39 30 39 2C 34 34  |K44CN,14,1909,44
000001C0| 47 74 34 34 4B 4B 34 34 4B 30 34 34 4F 65 2C 31  |Gt44KK44K044Oe,1
000001D0| 34 2C 31 39 35 32 2C 65 58 52 31 61 32 74 35 2C  |4,1952,eXR1a2t5,
000001E0| 31 33 2C 31 38 32 31 25 30 44 33 32 35 38 44 32  |13,1821%0D3258D2
000001F0| 45 44 2C 31 33 31 39 2C 30 35 3A 34 30 2C 39 37  |ED,1319,05:40,97
00000200| 2C 36 62 4F 70 35 70 6D 43 36 4B 69 49 2C 31 35  |,6bOp5pmC6KiI,15
00000210| 2C 31 39 36 31 2C 55 32 78 76 64 31 4D 3D 2C 31  |,1961,U2xvd1M=,1
00000220| 34 2C 31 38 39 36 2C 34 34 4F 63 34 34 4F 57 34  |4,1896,44Oc44OW4
00000230| 34 47 4B 34 34 47 59 34 34 47 56 34 34 4B 54 2C  |4GK44GY44GV44KT,
00000240| 31 33 2C 31 38 36 39 2C 34 34 4B 49 34 34 47 6A  |13,1869,44KI44Gj
00000250| 34 34 47 68 2C 31 35 2C 31 39 32 32 25 30 44 36  |44Gh,15,1922%0D6
00000260| 33 44 37 30 35 37 33 2C 31 33 32 37 2C 30 35 3A  |3D70573,1327,05:
00000270| 34 30 2C 39 37 2C 59 6D 39 69 4D 6A 6B 35 2C 31  |40,97,Ym9iMjk5,1
00000280| 34 2C 31 38 37 31 2C 55 48 56 30 59 51 3D 3D 2C  |4,1871,UHV0YQ==,
00000290| 31 34 2C 31 38 37 38 2C 34 34 4B 6B 34 34 4F 46  |14,1878,44Kk44OF
000002A0| 34 34 4F 42 37 37 79 67 34 34 47 74 34 34 47 54  |44OB77yg44Gt44GT
000002B0| 35 5A 43 4D 35 35 75 66 2C 31 33 2C 31 39 34 30  |5ZCM55uf,13,1940
000002C0| 2C 34 34 47 4B 35 61 53 61 35 36 61 50 34 34 47  |,44GK5aSa56aP44G
000002D0| 75 35 5A 75 7A 2C 31 33 2C 31 38 36 30 25 30 44  |u5Zuz,13,1860%0D
000002E0| 30 33 31 46 36 39 45 36 2C 31 34 32 39 2C 30 35  |031F69E6,1429,05
000002F0| 3A 34 32 2C 39 37 2C 34 34 47 38 34 34 4B 4C 34  |:42,97,44G844KL4
00000300| 34 47 4E 34 34 4B 44 34 34 47 72 35 5A 43 62 2C  |4GN44KD44Gr5ZCb,
00000310| 31 35 2C 32 30 31 30 2C 5A 47 56 74 59 57 39 75  |15,2010,ZGVtYW9u
00000320| 4D 6A 4D 3D 2C 31 34 2C 31 39 31 32 2C 34 34 4B  |MjM=,14,1912,44K
00000330| 31 34 34 4F 7A 34 34 4B 2F 34 34 4B 76 34 34 4F  |144Oz44K/44Kv44O
00000340| 74 34 34 4F 38 34 34 4B 35 2C 31 34 2C 31 38 33  |t44O844K5,14,183
00000350| 32 2C 36 49 4B 4A 36 4A 32 75 2C 31 35 2C 32 30  |2,6IKJ6J2u,15,20
00000360| 30 32 25 30 44 35 36 42 39 33 31 42 37 2C 31 33  |02%0D56B931B7,13
00000370| 32 37 2C 30 35 3A 34 34 2C 39 37 2C 34 34 4B 6B  |27,05:44,97,44Kk
00000380| 34 34 4F 72 34 34 47 75 35 6F 47 76 35 61 32 51  |44Or44Gu5oGv5a2Q
00000390| 2C 31 34 2C 31 38 39 33 2C 51 65 4F 43 75 65 4F  |,14,1893,QeOCueO
000003A0| 43 73 51 3D 3D 2C 31 33 2C 31 38 32 34 2C 4D 54  |CsQ==,13,1824,MT
000003B0| 4C 6C 68 6F 59 3D 2C 31 34 2C 31 38 37 35 2C 37  |LlhoY=,14,1875,7
000003C0| 37 79 6B 37 37 79 49 35 36 79 73 35 4C 71 4D 35  |7yk77yI56ys5LqM5
000003D0| 62 32 35 35 5A 4F 68 35 4C 79 61 37 37 79 4A 2C  |b255ZOh5Lya77yJ,
000003E0| 31 33 2C 31 38 39 34 25 30 44 37 35 37 32 37 31  |13,1894%0D757271
000003F0| 44 38 2C 31 34 31 39 2C 30 35 3A 34 36 2C 39 37  |D8,1419,05:46,97
00000400| 2C 34 34 43 54 35 71 47 43 36 61 61 73 34 34 43  |,44CT5qGC6aas44C
00000410| 54 2C 31 36 2C 31 39 38 35 2C 36 49 71 78 35 37  |T,16,1985,6Iqx57
00000420| 4B 4A 35 35 65 48 2C 31 35 2C 31 39 36 35 2C 4D  |KJ55eH,15,1965,M
00000430| 54 6B 30 4E 57 74 76 2C 31 34 2C 31 38 37 32 2C  |Tk0NWtv,14,1872,
00000440| 59 56 39 7A 61 47 6C 66 62 57 38 3D 2C 31 34 2C  |YV9zaGlfbW8=,14,
00000450| 31 39 34 31 22 2F 3E 00                          |1941"/>.
                        
20:49:15: client->server
00000000| 3C 5A 20 2F 3E 00 3C 50 58 52 20 76 3D 22 30 22  |<Z />.<PXR v="0"
00000010| 20 2F 3E 00                                      | />.
                                    
20:49:15: server->client
00000000| 3C 4C 4E 20 6E 3D 22 4F 67 31 4E 43 31 47 77 31  |<LN n="Og1NC1Gw1
00000010| 42 41 31 42 31 42 32 43 31 43 33 42 31 42 31 32  |BA1B1B2C1C3B1B12
00000020| 42 31 42 33 42 34 42 34 42 31 42 32 42 31 44 31  |B1B3B4B4B1B2B1D1
00000030| 42 32 42 31 44 34 43 34 73 33 55 31 42 45 31 49  |B2B1D4C4s3U1BE1I
00000040| 33 63 31 32 45 31 45 33 42 49 31 36 63 38 43 31  |3c12E1E3BI16c8C1
00000050| 42 31 59 31 68 33 47 31 44 22 2F 3E 00           |B1Y1h3G1D"/>.
         
20:49:20: client->server
00000000| 3C 5A 20 2F 3E 00 3C 50 58 52 20 76 3D 22 30 22  |<Z />.<PXR v="0"
00000010| 20 2F 3E 00                                      | />.
                                    
20:49:20: server->client
00000000| 3C 4C 4E 20 6E 3D 22 4F 67 31 4E 42 31 47 7A 31  |<LN n="Og1NB1Gz1
00000010| 77 31 42 31 42 32 43 31 44 31 42 32 42 31 42 34  |w1B1B2C1D1B2B1B4
00000020| 42 34 42 31 42 33 42 31 42 33 43 34 42 34 42 31  |B4B1B3B1B3C4B4B1
00000030| 42 32 42 31 44 31 42 32 42 31 44 34 43 34 6F 33  |B2B1D1B2B1D4C4o3
00000040| 55 31 42 45 31 49 33 63 31 32 45 31 45 33 42 49  |U1BE1I3c12E1E3BI
00000050| 31 36 63 38 43 31 42 31 59 31 68 33 47 31 44 22  |16c8C1B1Y1h3G1D"
00000060| 2F 3E 00                                         |/>.
                                       
20:49:25: client->server
00000000| 3C 5A 20 2F 3E 00 3C 50 58 52 20 76 3D 22 30 22  |<Z />.<PXR v="0"
00000010| 20 2F 3E 00                                      | />.
                                    
20:49:25: server->client
00000000| 3C 4C 4E 20 6E 3D 22 4F 6A 31 4E 45 31 48 43 31  |<LN n="Oj1NE1HC1
00000010| 77 31 42 31 42 32 43 31 44 31 42 32 42 31 42 34  |w1B1B2C1D1B2B1B4
00000020| 42 38 42 31 42 33 42 34 42 34 42 31 42 32 42 31  |B8B1B3B4B4B1B2B1
00000030| 44 31 42 32 42 31 44 34 43 34 6F 33 55 31 42 45  |D1B2B1D4C4o3U1BE
00000040| 31 49 33 63 31 32 45 31 45 33 42 49 31 36 63 38  |1I3c12E1E3BI16c8
00000050| 43 31 42 31 59 31 68 33 47 31 44 22 2F 3E 00     |C1B1Y1h3G1D"/>.
   
20:49:26: server->client
00000000| 3C 50 52 4F 46 20 72 61 6E 6B 69 6E 67 3D 22 31  |<PROF ranking="1
00000010| 44 41 6C 32 44 41 75 35 48 47 6D 22 2F 3E 00     |DAl2DAu5HGm"/>.
   
20:49:30: client->server
00000000| 3C 5A 20 2F 3E 00 3C 50 58 52 20 76 3D 22 30 22  |<Z />.<PXR v="0"
00000010| 20 2F 3E 00                                      | />.
                                    
20:49:30: server->client
00000000| 3C 4C 4E 20 6E 3D 22 4F 67 31 4E 41 31 47 79 31  |<LN n="Og1NA1Gy1
00000010| 77 31 42 31 42 32 43 31 44 31 42 32 42 31 43 34  |w1B1B2C1D1B2B1C4
00000020| 42 34 42 34 42 31 42 33 43 34 42 31 32 43 38 6B  |B4B4B1B3C4B12C8k
00000030| 33 55 31 42 45 31 49 33 63 31 32 45 31 45 33 42  |3U1BE1I3c12E1E3B
00000040| 49 31 32 45 34 63 38 42 31 42 31 59 31 68 33 47  |I12E4c8B1B1Y1h3G
00000050| 31 44 22 2F 3E 00                                |1D"/>.
                              
20:49:35: client->server
00000000| 3C 5A 20 2F 3E 00 3C 50 58 52 20 76 3D 22 30 22  |<Z />.<PXR v="0"
00000010| 20 2F 3E 00                                      | />.
                                    
20:49:35: server->client
00000000| 3C 4C 4E 20 6E 3D 22 4F 59 31 4D 74 31 47 75 31  |<LN n="OY1Mt1Gu1
00000010| 77 31 44 31 42 32 43 34 42 31 43 38 42 38 43 31  |w1D1B2C4B1C8B8C1
00000020| 36 43 38 6B 33 55 31 42 49 31 49 33 63 31 32 45  |6C8k3U1BI1I3c12E
00000030| 31 45 33 42 45 31 32 45 34 63 38 42 32 59 31 68  |1E3BE12E4c8B2Y1h
00000040| 33 47 22 2F 3E 00                                |3G"/>.
                              
20:49:40: client->server
00000000| 3C 5A 20 2F 3E 00 3C 50 58 52 20 76 3D 22 30 22  |<Z />.<PXR v="0"
00000010| 20 2F 3E 00                                      | />.
                                    
20:49:40: server->client
00000000| 3C 4C 4E 20 6E 3D 22 4F 63 31 4D 7A 31 47 77 31  |<LN n="Oc1Mz1Gw1
00000010| 42 41 31 42 33 42 34 42 31 42 38 42 38 43 31 36  |BA1B3B4B1B8B8C16
00000020| 43 38 6F 33 55 31 42 49 31 49 33 63 31 32 45 31  |C8o3U1BI1I3c12E1
00000030| 45 33 42 45 31 32 45 34 63 38 42 32 59 31 68 32  |E3BE12E4c8B2Y1h2
00000040| 42 31 47 22 2F 3E 00                             |B1G"/>.
                           
20:49:45: client->server
00000000| 3C 5A 20 2F 3E 00 3C 50 58 52 20 76 3D 22 30 22  |<Z />.<PXR v="0"
00000010| 20 2F 3E 00                                      | />.
                                    
20:49:45: server->client
00000000| 3C 4C 4E 20 6E 3D 22 4F 67 31 4E 44 31 48 41 31  |<LN n="Og1ND1HA1
00000010| 42 41 31 42 33 42 34 42 31 42 38 42 38 44 31 36  |BA1B3B4B1B8B8D16
00000020| 44 38 6F 33 55 31 42 49 31 49 33 63 31 32 45 31  |D8o3U1BI1I3c12E1
00000030| 45 33 42 45 31 32 45 34 63 38 43 32 59 31 68 32  |E3BE12E4c8C2Y1h2
00000040| 42 31 47 22 2F 3E 00                             |B1G"/>.
                           
20:49:50: client->server
00000000| 3C 5A 20 2F 3E 00 3C 50 58 52 20 76 3D 22 30 22  |<Z />.<PXR v="0"
00000010| 20 2F 3E 00                                      | />.
                                    
20:49:50: server->client
00000000| 3C 4C 4E 20 6E 3D 22 4F 67 31 4E 44 31 47 77 31  |<LN n="Og1ND1Gw1
00000010| 42 41 31 42 33 42 34 42 31 42 33 32 44 38 6F 33  |BA1B3B4B1B32D8o3
00000020| 55 31 42 49 31 49 33 63 31 32 45 31 45 33 42 49  |U1BI1I3c12E1E3BI
00000030| 31 32 45 34 63 38 42 32 59 31 68 32 43 31 47 22  |12E4c8B2Y1h2C1G"
00000040| 2F 3E 00                                         |/>.
                                       
20:49:55: client->server
00000000| 3C 5A 20 2F 3E 00 3C 50 58 52 20 76 3D 22 30 22  |<Z />.<PXR v="0"
00000010| 20 2F 3E 00                                      | />.
                                    
20:49:55: server->client
00000000| 3C 4C 4E 20 6E 3D 22 4F 69 31 4E 45 31 47 72 31  |<LN n="Oi1NE1Gr1
00000010| 42 45 31 43 33 42 34 42 31 43 31 36 43 31 36 44  |BE1C3B4B1C16C16D
00000020| 38 6F 33 55 31 42 49 31 49 33 63 31 32 45 31 45  |8o3U1BI1I3c12E1E
00000030| 33 42 49 31 32 45 34 63 31 30 62 31 68 33 47 31  |3BI12E4c10b1h3G1
00000040| 44 22 2F 3E 00                                   |D"/>.
                                 
20:50:00: client->server
00000000| 3C 5A 20 2F 3E 00 3C 50 58 52 20 76 3D 22 30 22  |<Z />.<PXR v="0"
00000010| 20 2F 3E 00                                      | />.
                                    
20:50:00: server->client
00000000| 3C 4C 4E 20 6E 3D 22 4F 68 31 4E 45 31 47 72 31  |<LN n="Oh1NE1Gr1
00000010| 42 45 31 44 33 42 34 42 31 43 31 36 43 31 36 44  |BE1D3B4B1C16C16D
00000020| 38 6F 33 55 31 42 49 31 49 33 63 31 32 45 31 45  |8o3U1BI1I3c12E1E
00000030| 33 42 49 31 32 45 34 63 31 30 62 31 68 32 42 31  |3BI12E4c10b1h2B1
00000040| 47 31 44 22 2F 3E 00                             |G1D"/>.
                           
20:50:05: client->server
00000000| 3C 5A 20 2F 3E 00 3C 50 58 52 20 76 3D 22 30 22  |<Z />.<PXR v="0"
00000010| 20 2F 3E 00                                      | />.
                                    
20:50:05: server->client
00000000| 3C 4C 4E 20 6E 3D 22 4F 67 31 4E 44 31 47 75 31  |<LN n="Og1ND1Gu1
00000010| 42 45 31 44 33 42 34 42 31 43 31 36 43 31 36 44  |BE1D3B4B1C16C16D
00000020| 38 6F 33 55 31 42 49 31 49 33 63 31 32 45 31 45  |8o3U1BI1I3c12E1E
00000030| 33 42 45 31 32 45 34 63 31 30 62 31 68 32 43 31  |3BE12E4c10b1h2C1
00000040| 47 31 44 22 2F 3E 00                             |G1D"/>.
                           
20:50:10: client->server
00000000| 3C 5A 20 2F 3E 00 3C 50 58 52 20 76 3D 22 30 22  |<Z />.<PXR v="0"
00000010| 20 2F 3E 00                                      | />.
                                    
20:50:10: server->client
00000000| 3C 4C 4E 20 6E 3D 22 4F 63 31 4D 7A 31 47 71 31  |<LN n="Oc1Mz1Gq1
00000010| 42 41 31 44 33 42 32 42 32 42 31 43 31 36 43 31  |BA1D3B2B2B1C16C1
00000020| 36 44 38 6F 33 55 31 42 49 31 49 33 63 31 32 45  |6D8o3U1BI1I3c12E
00000030| 31 45 33 42 45 31 32 45 34 63 31 30 62 31 65 33  |1E3BE12E4c10b1e3
00000040| 47 31 47 22 2F 3E 00                             |G1G"/>.
                           
20:50:13: client->server
00000000| 3C 43 48 41 54 20 74 65 78 74 3D 22 25 32 46 77  |<CHAT text="%2Fw
00000010| 67 22 20 2F 3E 00                                |g" />.
                              
20:50:13: server->client
00000000| 3C 57 47 20 74 65 78 74 3D 22 32 35 43 32 38 41  |<WG text="25C28A
00000010| 30 33 2C 31 33 31 38 2C 30 35 3A 32 38 2C 39 37  |03,1318,05:28,97
00000020| 2C 34 34 4B 31 34 34 4F 56 34 34 4B 68 34 34 4B  |,44K144OV44Kh44K
00000030| 6B 34 34 4B 69 34 70 69 46 35 61 65 72 2C 31 35  |k44Ki4piF5aer,15
00000040| 2C 32 30 31 36 2C 36 61 4B 6F 34 34 47 75 35 34  |,2016,6aKo44Gu54
00000050| 6D 4D 34 34 4B 53 36 62 4F 30 34 34 47 50 34 34  |mM44KS6bO044GP44
00000060| 4B 33 34 34 4B 72 2C 31 34 2C 31 39 36 34 2C 34  |K344Kr,14,1964,4
00000070| 34 4F 63 34 34 4F 4B 34 34 4F 63 2C 31 33 2C 31  |4Oc44OK44Oc,13,1
00000080| 38 34 37 2C 35 62 32 78 35 71 32 6D 36 49 43 46  |847,5b2x5q2m6ICF
00000090| 2C 31 33 2C 31 38 31 33 25 30 44 36 38 30 37 36  |,13,1813%0D68076
000000A0| 38 34 43 2C 31 34 36 31 2C 30 35 3A 33 30 2C 39  |84C,1461,05:30,9
000000B0| 37 2C 4D 54 6B 30 4E 57 74 76 2C 31 34 2C 31 38  |7,MTk0NWtv,14,18
000000C0| 37 33 2C 34 34 43 54 35 71 47 43 36 61 61 73 34  |73,44CT5qGC6aas4
000000D0| 34 43 54 2C 31 36 2C 31 39 39 31 2C 54 57 46 7A  |4CT,16,1991,TWFz
000000E0| 63 32 46 75 5A 32 38 3D 2C 31 36 2C 31 39 36 38  |c2FuZ28=,16,1968
000000F0| 2C 34 34 4B 34 34 34 4B 6B 34 34 4B 37 2C 31 35  |,44K444Kk44K7,15
00000100| 2C 31 39 31 31 25 30 44 37 35 45 41 45 41 34 44  |,1911%0D75EAEA4D
00000110| 2C 31 33 32 37 2C 30 35 3A 33 36 2C 39 37 2C 35  |,1327,05:36,97,5
00000120| 36 6D 36 36 49 43 7A 34 34 4B 69 34 34 4F 76 34  |6m66ICz44Ki44Ov4
00000130| 34 4F 38 2C 31 34 2C 31 39 35 33 2C 34 34 43 4D  |4O8,14,1953,44CM
00000140| 34 34 4B 41 34 34 47 74 34 34 47 4B 34 34 43 4E  |44KA44Gt44GK44CN
00000150| 2C 31 34 2C 31 39 30 39 2C 34 34 47 74 34 34 4B  |,14,1909,44Gt44K
00000160| 4B 34 34 4B 30 34 34 4F 65 2C 31 34 2C 31 39 35  |K44K044Oe,14,195
00000170| 32 2C 65 58 52 31 61 32 74 35 2C 31 33 2C 31 38  |2,eXR1a2t5,13,18
00000180| 32 31 25 30 44 33 32 35 38 44 32 45 44 2C 31 33  |21%0D3258D2ED,13
00000190| 31 39 2C 30 35 3A 34 30 2C 39 37 2C 36 62 4F 70  |19,05:40,97,6bOp
000001A0| 35 70 6D 43 36 4B 69 49 2C 31 35 2C 31 39 36 31  |5pmC6KiI,15,1961
000001B0| 2C 55 32 78 76 64 31 4D 3D 2C 31 34 2C 31 38 39  |,U2xvd1M=,14,189
000001C0| 36 2C 34 34 4F 63 34 34 4F 57 34 34 47 4B 34 34  |6,44Oc44OW44GK44
000001D0| 47 59 34 34 47 56 34 34 4B 54 2C 31 33 2C 31 38  |GY44GV44KT,13,18
000001E0| 36 39 2C 34 34 4B 49 34 34 47 6A 34 34 47 68 2C  |69,44KI44Gj44Gh,
000001F0| 31 35 2C 31 39 32 32 25 30 44 36 33 44 37 30 35  |15,1922%0D63D705
00000200| 37 33 2C 31 33 32 37 2C 30 35 3A 34 30 2C 39 37  |73,1327,05:40,97
00000210| 2C 59 6D 39 69 4D 6A 6B 35 2C 31 34 2C 31 38 37  |,Ym9iMjk5,14,187
00000220| 31 2C 55 48 56 30 59 51 3D 3D 2C 31 34 2C 31 38  |1,UHV0YQ==,14,18
00000230| 37 38 2C 34 34 4B 6B 34 34 4F 46 34 34 4F 42 37  |78,44Kk44OF44OB7
00000240| 37 79 67 34 34 47 74 34 34 47 54 35 5A 43 4D 35  |7yg44Gt44GT5ZCM5
00000250| 35 75 66 2C 31 33 2C 31 39 34 30 2C 34 34 47 4B  |5uf,13,1940,44GK
00000260| 35 61 53 61 35 36 61 50 34 34 47 75 35 5A 75 7A  |5aSa56aP44Gu5Zuz
00000270| 2C 31 33 2C 31 38 36 30 25 30 44 30 33 31 46 36  |,13,1860%0D031F6
00000280| 39 45 36 2C 31 34 32 39 2C 30 35 3A 34 32 2C 39  |9E6,1429,05:42,9
00000290| 37 2C 34 34 47 38 34 34 4B 4C 34 34 47 4E 34 34  |7,44G844KL44GN44
000002A0| 4B 44 34 34 47 72 35 5A 43 62 2C 31 35 2C 32 30  |KD44Gr5ZCb,15,20
000002B0| 31 30 2C 5A 47 56 74 59 57 39 75 4D 6A 4D 3D 2C  |10,ZGVtYW9uMjM=,
000002C0| 31 34 2C 31 39 31 32 2C 34 34 4B 31 34 34 4F 7A  |14,1912,44K144Oz
000002D0| 34 34 4B 2F 34 34 4B 76 34 34 4F 74 34 34 4F 38  |44K/44Kv44Ot44O8
000002E0| 34 34 4B 35 2C 31 34 2C 31 38 33 32 2C 36 49 4B  |44K5,14,1832,6IK
000002F0| 4A 36 4A 32 75 2C 31 35 2C 32 30 30 32 25 30 44  |J6J2u,15,2002%0D
00000300| 35 36 42 39 33 31 42 37 2C 31 33 32 37 2C 30 35  |56B931B7,1327,05
00000310| 3A 34 34 2C 39 37 2C 34 34 4B 6B 34 34 4F 72 34  |:44,97,44Kk44Or4
00000320| 34 47 75 35 6F 47 76 35 61 32 51 2C 31 34 2C 31  |4Gu5oGv5a2Q,14,1
00000330| 38 39 33 2C 51 65 4F 43 75 65 4F 43 73 51 3D 3D  |893,QeOCueOCsQ==
00000340| 2C 31 33 2C 31 38 32 34 2C 4D 54 4C 6C 68 6F 59  |,13,1824,MTLlhoY
00000350| 3D 2C 31 34 2C 31 38 37 35 2C 37 37 79 6B 37 37  |=,14,1875,77yk77
00000360| 79 49 35 36 79 73 35 4C 71 4D 35 62 32 35 35 5A  |yI56ys5LqM5b255Z
00000370| 4F 68 35 4C 79 61 37 37 79 4A 2C 31 33 2C 31 38  |Oh5Lya77yJ,13,18
00000380| 39 34 25 30 44 37 35 37 32 37 31 44 38 2C 31 34  |94%0D757271D8,14
00000390| 31 39 2C 30 35 3A 34 36 2C 39 37 2C 34 34 43 54  |19,05:46,97,44CT
000003A0| 35 71 47 43 36 61 61 73 34 34 43 54 2C 31 36 2C  |5qGC6aas44CT,16,
000003B0| 31 39 38 35 2C 36 49 71 78 35 37 4B 4A 35 35 65  |1985,6Iqx57KJ55e
000003C0| 48 2C 31 35 2C 31 39 36 35 2C 4D 54 6B 30 4E 57  |H,15,1965,MTk0NW
000003D0| 74 76 2C 31 34 2C 31 38 37 32 2C 59 56 39 7A 61  |tv,14,1872,YV9za
000003E0| 47 6C 66 62 57 38 3D 2C 31 34 2C 31 39 34 31 25  |GlfbW8=,14,1941%
000003F0| 30 44 35 44 34 37 38 37 39 38 2C 31 34 31 39 2C  |0D5D478798,1419,
00000400| 30 35 3A 34 39 2C 34 31 2C 36 5A 57 33 35 62 4B  |05:49,41,6ZW35bK
00000410| 68 35 61 53 6E 35 70 69 4F 35 36 57 65 2C 31 36  |h5aSn5piO56We,16
00000420| 2C 32 30 30 39 2C 34 34 4B 34 34 34 4B 6B 34 34  |,2009,44K444Kk44
00000430| 4B 37 2C 31 35 2C 31 39 31 33 2C 34 34 47 52 34  |K7,15,1913,44GR4
00000440| 34 4B 54 34 34 47 66 34 34 4B 4E 34 34 47 47 2C  |4KT44Gf44KN44GG,
00000450| 31 34 2C 32 30 32 35 2C 35 59 65 34 35 71 32 76  |14,2025,5Ye45q2v
00000460| 36 49 79 4F 35 59 65 34 2C 31 34 2C 31 39 39 37  |6IyO5Ye4,14,1997
00000470| 22 2F 3E 00                                      |"/>.
                                    
20:50:15: client->server
00000000| 3C 5A 20 2F 3E 00 3C 50 58 52 20 76 3D 22 30 22  |<Z />.<PXR v="0"
00000010| 20 2F 3E 00                                      | />.
                                    
20:50:15: server->client
00000000| 3C 4C 4E 20 6E 3D 22 4F 68 31 4E 44 31 47 75 31  |<LN n="Oh1ND1Gu1
00000010| 42 41 31 44 33 42 31 42 31 42 32 42 31 43 31 36  |BA1D3B1B1B2B1C16
00000020| 43 31 36 44 38 6F 33 55 31 42 49 31 49 33 63 31  |C16D8o3U1BI1I3c1
00000030| 32 45 31 45 33 42 45 31 32 45 34 63 39 42 31 62  |2E1E3BE12E4c9B1b
00000040| 31 65 33 47 31 47 22 2F 3E 00                    |1e3G1G"/>.
                  
20:50:20: client->server
00000000| 3C 5A 20 2F 3E 00 3C 50 58 52 20 76 3D 22 30 22  |<Z />.<PXR v="0"
00000010| 20 2F 3E 00                                      | />.
                                    
20:50:20: server->client
00000000| 3C 4C 4E 20 6E 3D 22 4F 64 31 4E 41 31 47 75 31  |<LN n="Od1NA1Gu1
00000010| 77 34 42 34 42 31 42 31 36 43 31 36 44 38 73 33  |w4B4B1B16C16D8s3
00000020| 55 31 42 45 31 49 33 63 31 32 45 31 45 33 42 45  |U1BE1I3c12E1E3BE
00000030| 31 32 45 34 63 38 42 31 42 31 62 31 62 32 42 31  |12E4c8B1B1b1b2B1
00000040| 47 31 47 22 2F 3E 00                             |G1G"/>.
                           
20:50:25: client->server
00000000| 3C 5A 20 2F 3E 00 3C 50 58 52 20 76 3D 22 30 22  |<Z />.<PXR v="0"
00000010| 20 2F 3E 00                                      | />.
                                    
20:50:25: server->client
00000000| 3C 4C 4E 20 6E 3D 22 4F 61 31 4D 79 31 47 74 31  |<LN n="Oa1My1Gt1
00000010| 73 31 42 33 42 31 42 31 42 32 42 31 43 31 36 44  |s1B3B1B1B2B1C16D
00000020| 31 36 44 38 73 33 55 31 42 45 31 49 33 59 31 32  |16D8s3U1BE1I3Y12
00000030| 45 31 45 33 42 45 31 32 45 34 63 31 30 62 31 65  |E1E3BE12E4c10b1e
00000040| 33 47 31 47 22 2F 3E 00                          |3G1G"/>.
                        
20:50:26: server->client
00000000| 3C 50 52 4F 46 20 72 61 6E 6B 69 6E 67 3D 22 31  |<PROF ranking="1
00000010| 44 41 6D 32 44 41 76 35 48 47 6E 22 2F 3E 00     |DAm2DAv5HGn"/>.
   
20:50:30: client->server
00000000| 3C 5A 20 2F 3E 00 3C 50 58 52 20 76 3D 22 30 22  |<Z />.<PXR v="0"
00000010| 20 2F 3E 00                                      | />.
                                    
20:50:30: server->client
00000000| 3C 4C 4E 20 6E 3D 22 4F 62 31 4D 7A 31 47 71 31  |<LN n="Ob1Mz1Gq1
00000010| 73 31 42 33 42 31 42 31 42 32 42 31 43 34 42 32  |s1B3B1B1B2B1C4B2
00000020| 38 44 38 73 33 55 31 42 45 31 49 33 59 31 32 45  |8D8s3U1BE1I3Y12E
00000030| 31 45 33 42 49 31 32 45 34 63 38 42 32 62 31 65  |1E3BI12E4c8B2b1e
00000040| 33 47 31 47 22 2F 3E 00                          |3G1G"/>.
                        
20:50:35: client->server
00000000| 3C 5A 20 2F 3E 00 3C 50 58 52 20 76 3D 22 30 22  |<Z />.<PXR v="0"
00000010| 20 2F 3E 00                                      | />.
                                    
20:50:35: server->client
00000000| 3C 4C 4E 20 6E 3D 22 4F 65 31 4E 43 31 47 74 31  |<LN n="Oe1NC1Gt1
00000010| 73 31 42 33 42 34 42 31 43 34 42 31 32 42 31 36  |s1B3B4B1C4B12B16
00000020| 44 38 73 33 55 31 42 45 31 49 33 59 31 32 45 31  |D8s3U1BE1I3Y12E1
00000030| 45 33 42 49 31 32 45 34 63 38 43 31 43 31 62 31  |E3BI12E4c8C1C1b1
00000040| 65 33 47 31 47 22 2F 3E 00                       |e3G1G"/>.
                     
20:50:40: client->server
00000000| 3C 5A 20 2F 3E 00 3C 50 58 52 20 76 3D 22 30 22  |<Z />.<PXR v="0"
00000010| 20 2F 3E 00                                      | />.
                                    
20:50:40: server->client
00000000| 3C 4C 4E 20 6E 3D 22 4F 63 31 4E 42 31 47 73 31  |<LN n="Oc1NB1Gs1
00000010| 73 31 43 33 42 31 42 33 42 31 44 34 42 31 32 44  |s1C3B1B3B1D4B12D
00000020| 31 36 44 38 73 33 55 31 42 45 31 49 33 59 31 32  |16D8s3U1BE1I3Y12
00000030| 45 31 45 33 42 49 31 32 45 34 63 38 43 31 43 31  |E1E3BI12E4c8C1C1
00000040| 62 31 65 33 47 31 47 22 2F 3E 00                 |b1e3G1G"/>.
               
20:50:45: client->server
00000000| 3C 5A 20 2F 3E 00 3C 50 58 52 20 76 3D 22 30 22  |<Z />.<PXR v="0"
00000010| 20 2F 3E 00                                      | />.
                                    
20:50:45: server->client
00000000| 3C 4C 4E 20 6E 3D 22 4F 63 31 4E 42 31 47 70 31  |<LN n="Oc1NB1Gp1
00000010| 73 31 42 33 42 34 42 31 42 31 36 44 31 36 44 38  |s1B3B4B1B16D16D8
00000020| 73 33 55 31 42 45 31 49 33 59 31 32 45 31 45 33  |s3U1BE1I3Y12E1E3
00000030| 42 49 31 32 45 34 63 39 43 31 65 31 65 33 47 31  |BI12E4c9C1e1e3G1
00000040| 47 22 2F 3E 00                                   |G"/>.
                                 
20:50:50: client->server
00000000| 3C 5A 20 2F 3E 00 3C 50 58 52 20 76 3D 22 30 22  |<Z />.<PXR v="0"
00000010| 20 2F 3E 00                                      | />.
                                    
20:50:50: server->client
00000000| 3C 4C 4E 20 6E 3D 22 4F 59 31 4D 79 31 47 71 31  |<LN n="OY1My1Gq1
00000010| 73 31 42 33 42 34 42 31 42 31 36 44 31 36 44 38  |s1B3B4B1B16D16D8
00000020| 73 33 55 31 42 45 31 49 33 55 31 32 45 31 45 33  |s3U1BE1I3U12E1E3
00000030| 42 49 31 32 45 34 63 39 43 31 65 31 65 33 47 31  |BI12E4c9C1e1e3G1
00000040| 47 22 2F 3E 00                                   |G"/>.
                                 
20:50:55: client->server
00000000| 3C 5A 20 2F 3E 00 3C 50 58 52 20 76 3D 22 30 22  |<Z />.<PXR v="0"
00000010| 20 2F 3E 00                                      | />.
                                    
20:50:55: server->client
00000000| 3C 4C 4E 20 6E 3D 22 4F 5A 31 4D 7A 31 47 6E 31  |<LN n="OZ1Mz1Gn1
00000010| 77 31 42 33 42 34 42 31 42 33 32 44 38 73 33 55  |w1B3B4B1B32D8s3U
00000020| 31 42 45 31 49 33 55 31 32 45 31 45 33 42 4D 31  |1BE1I3U12E1E3BM1
00000030| 32 45 34 63 39 43 31 65 31 65 33 47 31 47 22 2F  |2E4c9C1e1e3G1G"/
00000040| 3E 00                                            |>.
                                          
20:51:00: client->server
00000000| 3C 5A 20 2F 3E 00 3C 50 58 52 20 76 3D 22 30 22  |<Z />.<PXR v="0"
00000010| 20 2F 3E 00                                      | />.
                                    
20:51:00: server->client
00000000| 3C 4C 4E 20 6E 3D 22 4F 59 31 4D 79 31 47 6D 31  |<LN n="OY1My1Gm1
00000010| 77 31 43 33 43 31 42 33 43 31 43 34 42 32 38 44  |w1C3C1B3C1C4B28D
00000020| 38 73 33 55 31 42 45 31 49 33 55 31 32 45 31 45  |8s3U1BE1I3U12E1E
00000030| 33 42 4D 31 32 45 34 63 39 43 31 65 31 65 33 47  |3BM12E4c9C1e1e3G
00000040| 31 47 22 2F 3E 00                                |1G"/>.
                              
20:51:05: client->server
00000000| 3C 5A 20 2F 3E 00 3C 50 58 52 20 76 3D 22 30 22  |<Z />.<PXR v="0"
00000010| 20 2F 3E 00                                      | />.
                                    
20:51:05: server->client
00000000| 3C 4C 4E 20 6E 3D 22 4F 53 31 4D 73 31 47 6E 31  |<LN n="OS1Ms1Gn1
00000010| 73 31 43 33 43 31 42 33 43 31 43 34 42 31 32 42  |s1C3C1B3C1C4B12B
00000020| 31 36 44 38 73 33 55 31 42 45 31 49 33 55 31 32  |16D8s3U1BE1I3U12
00000030| 45 31 45 33 42 4D 31 32 45 34 59 39 43 31 62 31  |E1E3BM12E4Y9C1b1
00000040| 65 33 47 31 47 22 2F 3E 00                       |e3G1G"/>.
                     
20:51:10: client->server
00000000| 3C 5A 20 2F 3E 00 3C 50 58 52 20 76 3D 22 30 22  |<Z />.<PXR v="0"
00000010| 20 2F 3E 00                                      | />.
                                    
20:51:10: server->client
00000000| 3C 4C 4E 20 6E 3D 22 4F 59 31 4D 79 31 47 74 31  |<LN n="OY1My1Gt1
00000010| 73 31 43 33 43 31 42 33 43 31 43 34 42 31 32 42  |s1C3C1B3C1C4B12B
00000020| 31 36 44 38 73 33 55 31 42 45 31 49 33 55 31 32  |16D8s3U1BE1I3U12
00000030| 45 31 45 33 42 4D 31 32 45 34 59 39 43 31 62 31  |E1E3BM12E4Y9C1b1
00000040| 65 33 47 31 47 22 2F 3E 00                       |e3G1G"/>.
                     
20:51:13: client->server
00000000| 3C 43 48 41 54 20 74 65 78 74 3D 22 25 32 46 77  |<CHAT text="%2Fw
00000010| 67 22 20 2F 3E 00                                |g" />.
                              
20:51:13: server->client
00000000| 3C 57 47 20 74 65 78 74 3D 22 32 35 43 32 38 41  |<WG text="25C28A
00000010| 30 33 2C 31 33 31 38 2C 30 35 3A 32 38 2C 39 37  |03,1318,05:28,97
00000020| 2C 34 34 4B 31 34 34 4F 56 34 34 4B 68 34 34 4B  |,44K144OV44Kh44K
00000030| 6B 34 34 4B 69 34 70 69 46 35 61 65 72 2C 31 35  |k44Ki4piF5aer,15
00000040| 2C 32 30 31 36 2C 36 61 4B 6F 34 34 47 75 35 34  |,2016,6aKo44Gu54
00000050| 6D 4D 34 34 4B 53 36 62 4F 30 34 34 47 50 34 34  |mM44KS6bO044GP44
00000060| 4B 33 34 34 4B 72 2C 31 34 2C 31 39 36 34 2C 34  |K344Kr,14,1964,4
00000070| 34 4F 63 34 34 4F 4B 34 34 4F 63 2C 31 33 2C 31  |4Oc44OK44Oc,13,1
00000080| 38 34 37 2C 35 62 32 78 35 71 32 6D 36 49 43 46  |847,5b2x5q2m6ICF
00000090| 2C 31 33 2C 31 38 31 33 25 30 44 37 35 45 41 45  |,13,1813%0D75EAE
000000A0| 41 34 44 2C 31 33 32 37 2C 30 35 3A 33 36 2C 39  |A4D,1327,05:36,9
000000B0| 37 2C 35 36 6D 36 36 49 43 7A 34 34 4B 69 34 34  |7,56m66ICz44Ki44
000000C0| 4F 76 34 34 4F 38 2C 31 34 2C 31 39 35 33 2C 34  |Ov44O8,14,1953,4
000000D0| 34 43 4D 34 34 4B 41 34 34 47 74 34 34 47 4B 34  |4CM44KA44Gt44GK4
000000E0| 34 43 4E 2C 31 34 2C 31 39 30 39 2C 34 34 47 74  |4CN,14,1909,44Gt
000000F0| 34 34 4B 4B 34 34 4B 30 34 34 4F 65 2C 31 34 2C  |44KK44K044Oe,14,
00000100| 31 39 35 32 2C 65 58 52 31 61 32 74 35 2C 31 33  |1952,eXR1a2t5,13
00000110| 2C 31 38 32 31 25 30 44 33 32 35 38 44 32 45 44  |,1821%0D3258D2ED
00000120| 2C 31 33 31 39 2C 30 35 3A 34 30 2C 39 37 2C 36  |,1319,05:40,97,6
00000130| 62 4F 70 35 70 6D 43 36 4B 69 49 2C 31 35 2C 31  |bOp5pmC6KiI,15,1
00000140| 39 36 31 2C 55 32 78 76 64 31 4D 3D 2C 31 34 2C  |961,U2xvd1M=,14,
00000150| 31 38 39 36 2C 34 34 4F 63 34 34 4F 57 34 34 47  |1896,44Oc44OW44G
00000160| 4B 34 34 47 59 34 34 47 56 34 34 4B 54 2C 31 33  |K44GY44GV44KT,13
00000170| 2C 31 38 36 39 2C 34 34 4B 49 34 34 47 6A 34 34  |,1869,44KI44Gj44
00000180| 47 68 2C 31 35 2C 31 39 32 32 25 30 44 36 33 44  |Gh,15,1922%0D63D
00000190| 37 30 35 37 33 2C 31 33 32 37 2C 30 35 3A 34 30  |70573,1327,05:40
000001A0| 2C 39 37 2C 59 6D 39 69 4D 6A 6B 35 2C 31 34 2C  |,97,Ym9iMjk5,14,
000001B0| 31 38 37 31 2C 55 48 56 30 59 51 3D 3D 2C 31 34  |1871,UHV0YQ==,14
000001C0| 2C 31 38 37 38 2C 34 34 4B 6B 34 34 4F 46 34 34  |,1878,44Kk44OF44
000001D0| 4F 42 37 37 79 67 34 34 47 74 34 34 47 54 35 5A  |OB77yg44Gt44GT5Z
000001E0| 43 4D 35 35 75 66 2C 31 33 2C 31 39 34 30 2C 34  |CM55uf,13,1940,4
000001F0| 34 47 4B 35 61 53 61 35 36 61 50 34 34 47 75 35  |4GK5aSa56aP44Gu5
00000200| 5A 75 7A 2C 31 33 2C 31 38 36 30 25 30 44 30 33  |Zuz,13,1860%0D03
00000210| 31 46 36 39 45 36 2C 31 34 32 39 2C 30 35 3A 34  |1F69E6,1429,05:4
00000220| 32 2C 39 37 2C 34 34 47 38 34 34 4B 4C 34 34 47  |2,97,44G844KL44G
00000230| 4E 34 34 4B 44 34 34 47 72 35 5A 43 62 2C 31 35  |N44KD44Gr5ZCb,15
00000240| 2C 32 30 31 30 2C 5A 47 56 74 59 57 39 75 4D 6A  |,2010,ZGVtYW9uMj
00000250| 4D 3D 2C 31 34 2C 31 39 31 32 2C 34 34 4B 31 34  |M=,14,1912,44K14
00000260| 34 4F 7A 34 34 4B 2F 34 34 4B 76 34 34 4F 74 34  |4Oz44K/44Kv44Ot4
00000270| 34 4F 38 34 34 4B 35 2C 31 34 2C 31 38 33 32 2C  |4O844K5,14,1832,
00000280| 36 49 4B 4A 36 4A 32 75 2C 31 35 2C 32 30 30 32  |6IKJ6J2u,15,2002
00000290| 25 30 44 35 36 42 39 33 31 42 37 2C 31 33 32 37  |%0D56B931B7,1327
000002A0| 2C 30 35 3A 34 34 2C 39 37 2C 34 34 4B 6B 34 34  |,05:44,97,44Kk44
000002B0| 4F 72 34 34 47 75 35 6F 47 76 35 61 32 51 2C 31  |Or44Gu5oGv5a2Q,1
000002C0| 34 2C 31 38 39 33 2C 51 65 4F 43 75 65 4F 43 73  |4,1893,QeOCueOCs
000002D0| 51 3D 3D 2C 31 33 2C 31 38 32 34 2C 4D 54 4C 6C  |Q==,13,1824,MTLl
000002E0| 68 6F 59 3D 2C 31 34 2C 31 38 37 35 2C 37 37 79  |hoY=,14,1875,77y
000002F0| 6B 37 37 79 49 35 36 79 73 35 4C 71 4D 35 62 32  |k77yI56ys5LqM5b2
00000300| 35 35 5A 4F 68 35 4C 79 61 37 37 79 4A 2C 31 33  |55ZOh5Lya77yJ,13
00000310| 2C 31 38 39 34 25 30 44 37 35 37 32 37 31 44 38  |,1894%0D757271D8
00000320| 2C 31 34 31 39 2C 30 35 3A 34 36 2C 39 37 2C 34  |,1419,05:46,97,4
00000330| 34 43 54 35 71 47 43 36 61 61 73 34 34 43 54 2C  |4CT5qGC6aas44CT,
00000340| 31 36 2C 31 39 38 35 2C 36 49 71 78 35 37 4B 4A  |16,1985,6Iqx57KJ
00000350| 35 35 65 48 2C 31 35 2C 31 39 36 35 2C 4D 54 6B  |55eH,15,1965,MTk
00000360| 30 4E 57 74 76 2C 31 34 2C 31 38 37 32 2C 59 56  |0NWtv,14,1872,YV
00000370| 39 7A 61 47 6C 66 62 57 38 3D 2C 31 34 2C 31 39  |9zaGlfbW8=,14,19
00000380| 34 31 25 30 44 35 44 34 37 38 37 39 38 2C 31 34  |41%0D5D478798,14
00000390| 31 39 2C 30 35 3A 34 39 2C 34 31 2C 36 5A 57 33  |19,05:49,41,6ZW3
000003A0| 35 62 4B 68 35 61 53 6E 35 70 69 4F 35 36 57 65  |5bKh5aSn5piO56We
000003B0| 2C 31 36 2C 32 30 30 39 2C 34 34 4B 34 34 34 4B  |,16,2009,44K444K
000003C0| 6B 34 34 4B 37 2C 31 35 2C 31 39 31 33 2C 34 34  |k44K7,15,1913,44
000003D0| 47 52 34 34 4B 54 34 34 47 66 34 34 4B 4E 34 34  |GR44KT44Gf44KN44
000003E0| 47 47 2C 31 34 2C 32 30 32 35 2C 35 59 65 34 35  |GG,14,2025,5Ye45
000003F0| 71 32 76 36 49 79 4F 35 59 65 34 2C 31 34 2C 31  |q2v6IyO5Ye4,14,1
00000400| 39 39 37 22 2F 3E 00                             |997"/>.
                           
20:51:15: client->server
00000000| 3C 5A 20 2F 3E 00 3C 50 58 52 20 76 3D 22 30 22  |<Z />.<PXR v="0"
00000010| 20 2F 3E 00                                      | />.
                                    
20:51:15: server->client
00000000| 3C 4C 4E 20 6E 3D 22 4F 61 31 4E 41 31 47 76 31  |<LN n="Oa1NA1Gv1
00000010| 73 31 43 33 42 31 42 33 43 31 44 34 42 31 32 42  |s1C3B1B3C1D4B12B
00000020| 31 36 44 38 73 33 55 31 42 45 31 49 33 55 31 32  |16D8s3U1BE1I3U12
00000030| 45 31 45 33 42 4D 31 32 45 34 59 38 42 31 43 31  |E1E3BM12E4Y8B1C1
00000040| 62 31 65 33 47 31 47 22 2F 3E 00                 |b1e3G1G"/>.
               
20:51:20: client->server
00000000| 3C 5A 20 2F 3E 00 3C 50 58 52 20 76 3D 22 30 22  |<Z />.<PXR v="0"
00000010| 20 2F 3E 00                                      | />.
                                    
20:51:20: server->client
00000000| 3C 4C 4E 20 6E 3D 22 4F 63 31 4E 43 31 47 78 31  |<LN n="Oc1NC1Gx1
00000010| 73 31 43 33 43 31 43 33 43 31 44 34 42 31 32 42  |s1C3C1C3C1D4B12B
00000020| 31 36 44 38 73 33 55 31 42 45 31 49 33 55 31 32  |16D8s3U1BE1I3U12
00000030| 45 31 45 33 42 4D 31 32 45 34 59 38 42 31 43 31  |E1E3BM12E4Y8B1C1
00000040| 62 31 65 33 47 31 47 22 2F 3E 00                 |b1e3G1G"/>.
               
20:51:25: client->server
00000000| 3C 5A 20 2F 3E 00 3C 50 58 52 20 76 3D 22 30 22  |<Z />.<PXR v="0"
00000010| 20 2F 3E 00                                      | />.
                                    
20:51:25: server->client
00000000| 3C 4C 4E 20 6E 3D 22 4F 65 31 4E 45 31 47 76 31  |<LN n="Oe1NE1Gv1
00000010| 73 31 43 33 43 31 43 33 43 31 37 42 31 36 44 38  |s1C3C1C3C17B16D8
00000020| 73 33 55 31 42 45 31 49 33 59 31 32 45 31 45 33  |s3U1BE1I3Y12E1E3
00000030| 42 4D 31 32 45 34 59 38 43 31 43 31 62 31 65 33  |BM12E4Y8C1C1b1e3
00000040| 47 31 47 22 2F 3E 00                             |G1G"/>.
                           
20:51:30: client->server
00000000| 3C 5A 20 2F 3E 00 3C 50 58 52 20 76 3D 22 30 22  |<Z />.<PXR v="0"
00000010| 20 2F 3E 00                                      | />.
                                    
20:51:30: server->client
00000000| 3C 4C 4E 20 6E 3D 22 4F 62 31 4E 42 31 47 77 31  |<LN n="Ob1NB1Gw1
00000010| 73 31 43 33 43 31 43 33 43 31 37 43 31 36 44 38  |s1C3C1C3C17C16D8
00000020| 73 33 55 31 42 45 31 49 33 59 31 32 45 34 42 4D  |s3U1BE1I3Y12E4BM
00000030| 31 32 45 34 59 38 43 31 43 31 62 31 65 33 47 31  |12E4Y8C1C1b1e3G1
00000040| 47 22 2F 3E 00                                   |G"/>.
                                 
20:51:35: client->server
00000000| 3C 5A 20 2F 3E 00 3C 50 58 52 20 76 3D 22 30 22  |<Z />.<PXR v="0"
00000010| 20 2F 3E 00                                      | />.
                                    
20:51:35: server->client
00000000| 3C 4C 4E 20 6E 3D 22 4F 64 31 4E 45 31 47 77 31  |<LN n="Od1NE1Gw1
00000010| 73 31 43 33 43 31 43 33 43 31 42 31 36 43 31 36  |s1C3C1C3C1B16C16
00000020| 44 38 73 33 55 31 42 45 31 49 33 59 31 32 45 34  |D8s3U1BE1I3Y12E4
00000030| 42 4D 31 32 45 34 59 39 43 31 65 31 65 33 47 31  |BM12E4Y9C1e1e3G1
00000040| 47 22 2F 3E 00                                   |G"/>.
                                 
20:51:36: server->client
00000000| 3C 50 52 4F 46 20 72 61 6E 6B 69 6E 67 3D 22 31  |<PROF ranking="1
00000010| 44 41 6E 32 44 41 77 35 48 47 6F 22 2F 3E 00     |DAn2DAw5HGo"/>.
   
20:51:40: client->server
00000000| 3C 5A 20 2F 3E 00 3C 50 58 52 20 76 3D 22 30 22  |<Z />.<PXR v="0"
00000010| 20 2F 3E 00                                      | />.
                                    
20:51:40: server->client
00000000| 3C 4C 4E 20 6E 3D 22 4F 54 31 4D 79 31 47 78 31  |<LN n="OT1My1Gx1
00000010| 6F 31 43 33 43 31 43 33 43 31 42 31 36 43 31 36  |o1C3C1C3C1B16C16
00000020| 44 38 73 33 51 31 42 45 31 49 33 59 31 32 45 34  |D8s3Q1BE1I3Y12E4
00000030| 42 4D 31 32 45 34 59 39 43 31 62 31 65 33 47 31  |BM12E4Y9C1b1e3G1
00000040| 47 22 2F 3E 00                                   |G"/>.
                                 
20:51:45: client->server
00000000| 3C 5A 20 2F 3E 00 3C 50 58 52 20 76 3D 22 30 22  |<Z />.<PXR v="0"
00000010| 20 2F 3E 00                                      | />.
                                    
20:51:45: server->client
00000000| 3C 4C 4E 20 6E 3D 22 4F 55 31 4D 78 31 47 73 31  |<LN n="OU1Mx1Gs1
00000010| 6F 31 42 33 42 31 42 33 42 31 43 31 32 42 31 42  |o1B3B1B3B1C12B1B
00000020| 32 42 31 43 32 34 73 33 51 31 42 45 31 49 33 59  |2B1C24s3Q1BE1I3Y
00000030| 31 32 45 34 42 4D 31 32 45 34 63 39 43 31 62 31  |12E4BM12E4c9C1b1
00000040| 65 33 47 31 47 22 2F 3E 00                       |e3G1G"/>.
                     
20:51:50: client->server
00000000| 3C 5A 20 2F 3E 00 3C 50 58 52 20 76 3D 22 30 22  |<Z />.<PXR v="0"
00000010| 20 2F 3E 00                                      | />.
                                    
20:51:50: server->client
00000000| 3C 4C 4E 20 6E 3D 22 4F 58 31 4D 79 31 47 74 31  |<LN n="OX1My1Gt1
00000010| 73 31 43 33 43 31 43 33 42 31 43 31 32 42 31 42  |s1C3C1C3B1C12B1B
00000020| 32 42 31 43 32 34 73 33 51 31 42 45 31 49 33 59  |2B1C24s3Q1BE1I3Y
00000030| 31 32 45 34 42 4D 31 32 45 34 63 39 43 31 62 31  |12E4BM12E4c9C1b1
00000040| 65 33 47 31 47 22 2F 3E 00                       |e3G1G"/>.
                     
20:51:55: client->server
00000000| 3C 5A 20 2F 3E 00 3C 50 58 52 20 76 3D 22 30 22  |<Z />.<PXR v="0"
00000010| 20 2F 3E 00                                      | />.
                                    
20:51:55: server->client
00000000| 3C 4C 4E 20 6E 3D 22 4F 57 31 4E 41 31 47 76 31  |<LN n="OW1NA1Gv1
00000010| 73 31 43 33 43 31 42 33 42 31 43 31 32 42 31 42  |s1C3C1B3B1C12B1B
00000020| 32 42 31 43 32 34 73 33 51 31 42 45 31 49 33 59  |2B1C24s3Q1BE1I3Y
00000030| 31 32 45 34 42 4D 31 32 45 34 63 39 43 31 62 31  |12E4BM12E4c9C1b1
00000040| 65 33 47 31 47 22 2F 3E 00                       |e3G1G"/>.
                     
20:52:00: client->server
00000000| 3C 5A 20 2F 3E 00 3C 50 58 52 20 76 3D 22 30 22  |<Z />.<PXR v="0"
00000010| 20 2F 3E 00                                      | />.
                                    
20:52:00: server->client
00000000| 3C 4C 4E 20 6E 3D 22 4F 55 31 4D 7A 31 47 78 31  |<LN n="OU1Mz1Gx1
00000010| 42 41 31 44 33 43 31 42 33 42 31 43 31 32 42 31  |BA1D3C1B3B1C12B1
00000020| 42 32 42 31 43 32 34 73 33 51 31 42 45 31 49 33  |B2B1C24s3Q1BE1I3
00000030| 59 31 32 45 34 42 4D 31 32 45 34 63 38 42 31 43  |Y12E4BM12E4c8B1C
00000040| 31 59 31 65 33 47 31 47 22 2F 3E 00              |1Y1e3G1G"/>.
            
20:52:01: server->client
00000000| 3C 50 52 4F 46 20 72 61 6E 6B 69 6E 67 3D 22 31  |<PROF ranking="1
00000010| 44 41 6F 32 44 41 78 35 48 47 70 22 2F 3E 00     |DAo2DAx5HGp"/>.
   
20:52:05: client->server
00000000| 3C 5A 20 2F 3E 00 3C 50 58 52 20 76 3D 22 30 22  |<Z />.<PXR v="0"
00000010| 20 2F 3E 00                                      | />.
                                    
20:52:05: server->client
00000000| 3C 4C 4E 20 6E 3D 22 4F 55 31 4D 78 31 47 7A 31  |<LN n="OU1Mx1Gz1
00000010| 77 31 43 33 42 31 42 33 42 31 43 31 32 42 31 42  |w1C3B1B3B1C12B1B
00000020| 32 42 31 44 32 34 73 33 51 31 42 45 31 49 33 55  |2B1D24s3Q1BE1I3U
00000030| 31 32 45 34 42 4D 31 32 45 34 63 38 43 31 43 31  |12E4BM12E4c8C1C1
00000040| 59 31 65 33 47 31 47 22 2F 3E 00                 |Y1e3G1G"/>.
               
20:52:10: client->server
00000000| 3C 5A 20 2F 3E 00 3C 50 58 52 20 76 3D 22 30 22  |<Z />.<PXR v="0"
00000010| 20 2F 3E 00                                      | />.
                                    
20:52:10: server->client
00000000| 3C 4C 4E 20 6E 3D 22 4F 61 31 4E 41 31 47 76 31  |<LN n="Oa1NA1Gv1
00000010| 77 31 43 33 42 31 42 33 42 31 44 31 32 42 31 42  |w1C3B1B3B1D12B1B
00000020| 32 42 32 35 73 33 51 31 42 45 31 49 33 55 31 32  |2B25s3Q1BE1I3U12
00000030| 45 34 42 51 31 32 45 34 63 39 43 31 62 31 65 31  |E4BQ12E4c9C1b1e1
00000040| 42 32 47 31 47 22 2F 3E 00                       |B2G1G"/>.
                     
20:52:13: client->server
00000000| 3C 43 48 41 54 20 74 65 78 74 3D 22 25 32 46 77  |<CHAT text="%2Fw
00000010| 67 22 20 2F 3E 00                                |g" />.
                              
20:52:13: server->client
00000000| 3C 57 47 20 74 65 78 74 3D 22 32 35 43 32 38 41  |<WG text="25C28A
00000010| 30 33 2C 31 33 31 38 2C 30 35 3A 32 38 2C 39 37  |03,1318,05:28,97
00000020| 2C 34 34 4B 31 34 34 4F 56 34 34 4B 68 34 34 4B  |,44K144OV44Kh44K
00000030| 6B 34 34 4B 69 34 70 69 46 35 61 65 72 2C 31 35  |k44Ki4piF5aer,15
00000040| 2C 32 30 31 36 2C 36 61 4B 6F 34 34 47 75 35 34  |,2016,6aKo44Gu54
00000050| 6D 4D 34 34 4B 53 36 62 4F 30 34 34 47 50 34 34  |mM44KS6bO044GP44
00000060| 4B 33 34 34 4B 72 2C 31 34 2C 31 39 36 34 2C 34  |K344Kr,14,1964,4
00000070| 34 4F 63 34 34 4F 4B 34 34 4F 63 2C 31 33 2C 31  |4Oc44OK44Oc,13,1
00000080| 38 34 37 2C 35 62 32 78 35 71 32 6D 36 49 43 46  |847,5b2x5q2m6ICF
00000090| 2C 31 33 2C 31 38 31 33 25 30 44 37 35 45 41 45  |,13,1813%0D75EAE
000000A0| 41 34 44 2C 31 33 32 37 2C 30 35 3A 33 36 2C 39  |A4D,1327,05:36,9
000000B0| 37 2C 35 36 6D 36 36 49 43 7A 34 34 4B 69 34 34  |7,56m66ICz44Ki44
000000C0| 4F 76 34 34 4F 38 2C 31 34 2C 31 39 35 33 2C 34  |Ov44O8,14,1953,4
000000D0| 34 43 4D 34 34 4B 41 34 34 47 74 34 34 47 4B 34  |4CM44KA44Gt44GK4
000000E0| 34 43 4E 2C 31 34 2C 31 39 30 39 2C 34 34 47 74  |4CN,14,1909,44Gt
000000F0| 34 34 4B 4B 34 34 4B 30 34 34 4F 65 2C 31 34 2C  |44KK44K044Oe,14,
00000100| 31 39 35 32 2C 65 58 52 31 61 32 74 35 2C 31 33  |1952,eXR1a2t5,13
00000110| 2C 31 38 32 31 25 30 44 33 32 35 38 44 32 45 44  |,1821%0D3258D2ED
00000120| 2C 31 33 31 39 2C 30 35 3A 34 30 2C 39 37 2C 36  |,1319,05:40,97,6
00000130| 62 4F 70 35 70 6D 43 36 4B 69 49 2C 31 35 2C 31  |bOp5pmC6KiI,15,1
00000140| 39 36 31 2C 55 32 78 76 64 31 4D 3D 2C 31 34 2C  |961,U2xvd1M=,14,
00000150| 31 38 39 36 2C 34 34 4F 63 34 34 4F 57 34 34 47  |1896,44Oc44OW44G
00000160| 4B 34 34 47 59 34 34 47 56 34 34 4B 54 2C 31 33  |K44GY44GV44KT,13
00000170| 2C 31 38 36 39 2C 34 34 4B 49 34 34 47 6A 34 34  |,1869,44KI44Gj44
00000180| 47 68 2C 31 35 2C 31 39 32 32 25 30 44 36 33 44  |Gh,15,1922%0D63D
00000190| 37 30 35 37 33 2C 31 33 32 37 2C 30 35 3A 34 30  |70573,1327,05:40
000001A0| 2C 39 37 2C 59 6D 39 69 4D 6A 6B 35 2C 31 34 2C  |,97,Ym9iMjk5,14,
000001B0| 31 38 37 31 2C 55 48 56 30 59 51 3D 3D 2C 31 34  |1871,UHV0YQ==,14
000001C0| 2C 31 38 37 38 2C 34 34 4B 6B 34 34 4F 46 34 34  |,1878,44Kk44OF44
000001D0| 4F 42 37 37 79 67 34 34 47 74 34 34 47 54 35 5A  |OB77yg44Gt44GT5Z
000001E0| 43 4D 35 35 75 66 2C 31 33 2C 31 39 34 30 2C 34  |CM55uf,13,1940,4
000001F0| 34 47 4B 35 61 53 61 35 36 61 50 34 34 47 75 35  |4GK5aSa56aP44Gu5
00000200| 5A 75 7A 2C 31 33 2C 31 38 36 30 25 30 44 30 33  |Zuz,13,1860%0D03
00000210| 31 46 36 39 45 36 2C 31 34 32 39 2C 30 35 3A 34  |1F69E6,1429,05:4
00000220| 32 2C 39 37 2C 34 34 47 38 34 34 4B 4C 34 34 47  |2,97,44G844KL44G
00000230| 4E 34 34 4B 44 34 34 47 72 35 5A 43 62 2C 31 35  |N44KD44Gr5ZCb,15
00000240| 2C 32 30 31 30 2C 5A 47 56 74 59 57 39 75 4D 6A  |,2010,ZGVtYW9uMj
00000250| 4D 3D 2C 31 34 2C 31 39 31 32 2C 34 34 4B 31 34  |M=,14,1912,44K14
00000260| 34 4F 7A 34 34 4B 2F 34 34 4B 76 34 34 4F 74 34  |4Oz44K/44Kv44Ot4
00000270| 34 4F 38 34 34 4B 35 2C 31 34 2C 31 38 33 32 2C  |4O844K5,14,1832,
00000280| 36 49 4B 4A 36 4A 32 75 2C 31 35 2C 32 30 30 32  |6IKJ6J2u,15,2002
00000290| 25 30 44 35 36 42 39 33 31 42 37 2C 31 33 32 37  |%0D56B931B7,1327
000002A0| 2C 30 35 3A 34 34 2C 39 37 2C 34 34 4B 6B 34 34  |,05:44,97,44Kk44
000002B0| 4F 72 34 34 47 75 35 6F 47 76 35 61 32 51 2C 31  |Or44Gu5oGv5a2Q,1
000002C0| 34 2C 31 38 39 33 2C 51 65 4F 43 75 65 4F 43 73  |4,1893,QeOCueOCs
000002D0| 51 3D 3D 2C 31 33 2C 31 38 32 34 2C 4D 54 4C 6C  |Q==,13,1824,MTLl
000002E0| 68 6F 59 3D 2C 31 34 2C 31 38 37 35 2C 37 37 79  |hoY=,14,1875,77y
000002F0| 6B 37 37 79 49 35 36 79 73 35 4C 71 4D 35 62 32  |k77yI56ys5LqM5b2
00000300| 35 35 5A 4F 68 35 4C 79 61 37 37 79 4A 2C 31 33  |55ZOh5Lya77yJ,13
00000310| 2C 31 38 39 34 25 30 44 37 35 37 32 37 31 44 38  |,1894%0D757271D8
00000320| 2C 31 34 31 39 2C 30 35 3A 34 36 2C 39 37 2C 34  |,1419,05:46,97,4
00000330| 34 43 54 35 71 47 43 36 61 61 73 34 34 43 54 2C  |4CT5qGC6aas44CT,
00000340| 31 36 2C 31 39 38 35 2C 36 49 71 78 35 37 4B 4A  |16,1985,6Iqx57KJ
00000350| 35 35 65 48 2C 31 35 2C 31 39 36 35 2C 4D 54 6B  |55eH,15,1965,MTk
00000360| 30 4E 57 74 76 2C 31 34 2C 31 38 37 32 2C 59 56  |0NWtv,14,1872,YV
00000370| 39 7A 61 47 6C 66 62 57 38 3D 2C 31 34 2C 31 39  |9zaGlfbW8=,14,19
00000380| 34 31 25 30 44 35 44 34 37 38 37 39 38 2C 31 34  |41%0D5D478798,14
00000390| 31 39 2C 30 35 3A 34 39 2C 34 31 2C 36 5A 57 33  |19,05:49,41,6ZW3
000003A0| 35 62 4B 68 35 61 53 6E 35 70 69 4F 35 36 57 65  |5bKh5aSn5piO56We
000003B0| 2C 31 36 2C 32 30 30 39 2C 34 34 4B 34 34 34 4B  |,16,2009,44K444K
000003C0| 6B 34 34 4B 37 2C 31 35 2C 31 39 31 33 2C 34 34  |k44K7,15,1913,44
000003D0| 47 52 34 34 4B 54 34 34 47 66 34 34 4B 4E 34 34  |GR44KT44Gf44KN44
000003E0| 47 47 2C 31 34 2C 32 30 32 35 2C 35 59 65 34 35  |GG,14,2025,5Ye45
000003F0| 71 32 76 36 49 79 4F 35 59 65 34 2C 31 34 2C 31  |q2v6IyO5Ye4,14,1
00000400| 39 39 37 25 30 44 36 37 45 42 42 36 36 41 2C 31  |997%0D67EBB66A,1
00000410| 33 32 38 2C 30 35 3A 35 31 2C 39 37 2C 37 37 79  |328,05:51,97,77y
00000420| 67 37 37 79 67 37 37 79 67 37 37 79 67 37 37 79  |g77yg77yg77yg77y
00000430| 67 2C 31 34 2C 31 39 32 30 2C 34 34 4B 47 34 34  |g,14,1920,44KG44
00000440| 4B 4B 34 34 47 5A 2C 31 33 2C 31 38 34 31 2C 36  |KK44GZ,13,1841,6
00000450| 4B 4F 50 52 45 52 55 2C 31 36 2C 32 30 32 30 2C  |KOPRERU,16,2020,
00000460| 34 34 47 74 34 34 4B 4B 34 34 4B 30 34 34 4F 65  |44Gt44KK44K044Oe
00000470| 2C 31 34 2C 31 39 35 34 22 2F 3E 00              |,14,1954"/>.
            
20:52:15: client->server
00000000| 3C 5A 20 2F 3E 00 3C 50 58 52 20 76 3D 22 30 22  |<Z />.<PXR v="0"
00000010| 20 2F 3E 00                                      | />.
                                    
20:52:15: server->client
00000000| 3C 4C 4E 20 6E 3D 22 4F 61 31 4E 42 31 47 73 31  |<LN n="Oa1NB1Gs1
00000010| 77 34 42 31 42 33 42 31 43 31 32 42 31 42 32 42  |w4B1B3B1C12B1B2B
00000020| 32 35 77 33 51 31 42 45 31 49 33 55 31 32 45 34  |25w3Q1BE1I3U12E4
00000030| 42 51 31 32 45 34 63 38 42 31 42 31 62 31 65 31  |BQ12E4c8B1B1b1e1
00000040| 42 32 47 31 47 22 2F 3E 00                       |B2G1G"/>.
                     
20:52:20: client->server
00000000| 3C 5A 20 2F 3E 00 3C 50 58 52 20 76 3D 22 30 22  |<Z />.<PXR v="0"
00000010| 20 2F 3E 00                                      | />.
                                    
20:52:20: server->client
00000000| 3C 4C 4E 20 6E 3D 22 4F 5A 31 4E 41 31 47 72 31  |<LN n="OZ1NA1Gr1
00000010| 77 34 42 31 42 33 42 31 43 31 32 42 31 42 32 42  |w4B1B3B1C12B1B2B
00000020| 31 42 32 34 77 33 51 31 42 45 31 49 33 55 31 32  |1B24w3Q1BE1I3U12
00000030| 45 34 42 51 31 32 45 34 63 38 42 31 42 31 62 31  |E4BQ12E4c8B1B1b1
00000040| 65 31 42 32 47 31 47 22 2F 3E 00                 |e1B2G1G"/>.
               
20:52:25: client->server
00000000| 3C 5A 20 2F 3E 00 3C 50 58 52 20 76 3D 22 30 22  |<Z />.<PXR v="0"
00000010| 20 2F 3E 00                                      | />.
                                    
20:52:25: server->client
00000000| 3C 4C 4E 20 6E 3D 22 4F 59 31 4D 7A 31 47 75 31  |<LN n="OY1Mz1Gu1
00000010| 73 34 42 31 42 33 42 31 43 31 32 42 31 42 32 42  |s4B1B3B1C12B1B2B
00000020| 31 42 32 34 77 33 51 31 42 45 31 49 33 55 31 32  |1B24w3Q1BE1I3U12
00000030| 45 34 42 51 31 32 45 34 59 38 42 31 43 31 62 31  |E4BQ12E4Y8B1C1b1
00000040| 65 31 42 32 47 31 47 22 2F 3E 00                 |e1B2G1G"/>.
               
20:52:30: client->server
00000000| 3C 5A 20 2F 3E 00 3C 50 58 52 20 76 3D 22 30 22  |<Z />.<PXR v="0"
00000010| 20 2F 3E 00                                      | />.
                                    
20:52:30: server->client
00000000| 3C 4C 4E 20 6E 3D 22 4F 62 31 4E 43 31 47 78 31  |<LN n="Ob1NC1Gx1
00000010| 73 34 42 31 43 33 42 31 44 31 32 42 31 42 32 42  |s4B1C3B1D12B1B2B
00000020| 31 42 32 34 77 33 51 31 42 45 31 49 33 55 31 32  |1B24w3Q1BE1I3U12
00000030| 45 34 42 51 31 32 45 34 59 38 43 31 43 31 62 31  |E4BQ12E4Y8C1C1b1
00000040| 65 31 42 32 47 31 47 22 2F 3E 00                 |e1B2G1G"/>.
               
20:52:35: client->server
00000000| 3C 5A 20 2F 3E 00 3C 50 58 52 20 76 3D 22 30 22  |<Z />.<PXR v="0"
00000010| 20 2F 3E 00                                      | />.
                                    
20:52:35: server->client
00000000| 3C 4C 4E 20 6E 3D 22 4F 62 31 4E 43 31 47 78 31  |<LN n="Ob1NC1Gx1
00000010| 77 31 42 33 43 31 44 33 42 31 44 31 32 42 31 42  |w1B3C1D3B1D12B1B
00000020| 32 42 31 42 31 36 42 38 77 33 51 31 42 45 31 49  |2B1B16B8w3Q1BE1I
00000030| 33 55 31 32 45 34 42 51 31 32 45 34 59 38 43 31  |3U12E4BQ12E4Y8C1
00000040| 43 31 62 31 65 31 42 32 47 31 47 22 2F 3E 00     |C1b1e1B2G1G"/>.
   
20:52:40: client->server
00000000| 3C 5A 20 2F 3E 00 3C 50 58 52 20 76 3D 22 30 22  |<Z />.<PXR v="0"
00000010| 20 2F 3E 00                                      | />.
                                    
20:52:40: server->client
00000000| 3C 4C 4E 20 6E 3D 22 4F 57 31 4D 78 31 47 77 31  |<LN n="OW1Mx1Gw1
00000010| 77 34 42 31 43 33 42 31 44 31 32 42 31 42 32 42  |w4B1C3B1D12B1B2B
00000020| 31 42 31 36 42 38 77 33 51 31 42 45 31 49 33 55  |1B16B8w3Q1BE1I3U
00000030| 31 36 42 51 31 32 45 34 59 38 43 31 42 31 62 31  |16BQ12E4Y8C1B1b1
00000040| 65 31 42 32 47 31 47 22 2F 3E 00                 |e1B2G1G"/>.
               
20:52:45: client->server
00000000| 3C 5A 20 2F 3E 00 3C 50 58 52 20 76 3D 22 30 22  |<Z />.<PXR v="0"
00000010| 20 2F 3E 00                                      | />.
                                    
20:52:45: server->client
00000000| 3C 4C 4E 20 6E 3D 22 4F 55 31 4D 77 31 47 73 31  |<LN n="OU1Mw1Gs1
00000010| 73 34 42 34 42 31 44 31 32 42 31 42 32 42 31 42  |s4B4B1D12B1B2B1B
00000020| 31 36 42 38 77 33 51 31 42 49 31 49 33 55 31 36  |16B8w3Q1BI1I3U16
00000030| 42 51 31 32 45 34 55 39 42 31 65 31 65 33 47 31  |BQ12E4U9B1e1e3G1
00000040| 47 22 2F 3E 00                                   |G"/>.
                                 
20:52:50: client->server
00000000| 3C 5A 20 2F 3E 00 3C 50 58 52 20 76 3D 22 30 22  |<Z />.<PXR v="0"
00000010| 20 2F 3E 00                                      | />.
                                    
20:52:50: server->client
00000000| 3C 4C 4E 20 6E 3D 22 4F 58 31 4D 7A 31 47 72 31  |<LN n="OX1Mz1Gr1
00000010| 73 34 42 34 43 31 33 43 31 43 32 42 31 42 31 36  |s4B4C13C1C2B1B16
00000020| 42 38 77 33 51 31 42 49 31 49 33 59 31 36 42 51  |B8w3Q1BI1I3Y16BQ
00000030| 31 32 45 34 55 38 42 31 42 31 65 31 65 33 47 31  |12E4U8B1B1e1e3G1
00000040| 47 22 2F 3E 00                                   |G"/>.
                                 
20:52:55: client->server
00000000| 3C 5A 20 2F 3E 00 3C 50 58 52 20 76 3D 22 30 22  |<Z />.<PXR v="0"
00000010| 20 2F 3E 00                                      | />.
                                    
20:52:55: server->client
00000000| 3C 4C 4E 20 6E 3D 22 4F 59 31 4E 41 31 47 77 31  |<LN n="OY1NA1Gw1
00000010| 6F 34 42 31 42 33 43 31 33 44 31 43 32 42 31 42  |o4B1B3C13D1C2B1B
00000020| 31 36 42 38 77 33 51 31 42 49 31 49 33 59 31 36  |16B8w3Q1BI1I3Y16
00000030| 42 4D 31 32 45 34 55 38 42 31 42 31 65 31 65 33  |BM12E4U8B1B1e1e3
00000040| 47 31 47 22 2F 3E 00                             |G1G"/>.
                           
20:53:00: client->server
00000000| 3C 5A 20 2F 3E 00 3C 50 58 52 20 76 3D 22 30 22  |<Z />.<PXR v="0"
00000010| 20 2F 3E 00                                      | />.
                                    
20:53:00: server->client
00000000| 3C 4C 4E 20 6E 3D 22 4F 54 31 4D 76 31 47 72 31  |<LN n="OT1Mv1Gr1
00000010| 6F 34 42 31 42 33 43 31 37 42 31 36 44 38 77 33  |o4B1B3C17B16D8w3
00000020| 51 31 42 49 31 49 33 59 31 32 45 34 42 49 31 32  |Q1BI1I3Y12E4BI12
00000030| 45 34 55 31 30 65 31 65 33 47 31 47 22 2F 3E 00  |E4U10e1e3G1G"/>.

20:53:05: client->server
00000000| 3C 5A 20 2F 3E 00 3C 50 58 52 20 76 3D 22 30 22  |<Z />.<PXR v="0"
00000010| 20 2F 3E 00                                      | />.
                                    
20:53:05: server->client
00000000| 3C 4C 4E 20 6E 3D 22 4F 54 31 4D 76 31 47 75 31  |<LN n="OT1Mv1Gu1
00000010| 6B 34 42 31 42 31 42 32 43 31 37 43 31 36 44 38  |k4B1B1B2C17C16D8
00000020| 77 33 51 31 42 49 31 49 33 59 31 32 45 34 42 49  |w3Q1BI1I3Y12E4BI
00000030| 31 32 45 34 55 31 30 62 31 65 33 47 31 47 22 2F  |12E4U10b1e3G1G"/
00000040| 3E 00                                            |>.
                                          
20:53:10: client->server
00000000| 3C 5A 20 2F 3E 00 3C 50 58 52 20 76 3D 22 30 22  |<Z />.<PXR v="0"
00000010| 20 2F 3E 00                                      | />.
                                    
20:53:10: server->client
00000000| 3C 4C 4E 20 6E 3D 22 4F 57 31 4D 79 31 47 78 31  |<LN n="OW1My1Gx1
00000010| 67 34 42 31 43 33 43 33 33 44 38 77 33 4D 31 42  |g4B1C3C33D8w3M1B
00000020| 49 31 49 33 59 31 32 45 34 42 4D 31 32 45 34 55  |I1I3Y12E4BM12E4U
00000030| 31 30 62 31 65 33 47 31 47 22 2F 3E 00           |10b1e3G1G"/>.
         
20:53:13: client->server
00000000| 3C 43 48 41 54 20 74 65 78 74 3D 22 25 32 46 77  |<CHAT text="%2Fw
00000010| 67 22 20 2F 3E 00                                |g" />.
                              
20:53:13: server->client
00000000| 3C 57 47 20 74 65 78 74 3D 22 32 35 43 32 38 41  |<WG text="25C28A
00000010| 30 33 2C 31 33 31 38 2C 30 35 3A 32 38 2C 39 37  |03,1318,05:28,97
00000020| 2C 34 34 4B 31 34 34 4F 56 34 34 4B 68 34 34 4B  |,44K144OV44Kh44K
00000030| 6B 34 34 4B 69 34 70 69 46 35 61 65 72 2C 31 35  |k44Ki4piF5aer,15
00000040| 2C 32 30 31 36 2C 36 61 4B 6F 34 34 47 75 35 34  |,2016,6aKo44Gu54
00000050| 6D 4D 34 34 4B 53 36 62 4F 30 34 34 47 50 34 34  |mM44KS6bO044GP44
00000060| 4B 33 34 34 4B 72 2C 31 34 2C 31 39 36 34 2C 34  |K344Kr,14,1964,4
00000070| 34 4F 63 34 34 4F 4B 34 34 4F 63 2C 31 33 2C 31  |4Oc44OK44Oc,13,1
00000080| 38 34 37 2C 35 62 32 78 35 71 32 6D 36 49 43 46  |847,5b2x5q2m6ICF
00000090| 2C 31 33 2C 31 38 31 33 25 30 44 37 35 45 41 45  |,13,1813%0D75EAE
000000A0| 41 34 44 2C 31 33 32 37 2C 30 35 3A 33 36 2C 39  |A4D,1327,05:36,9
000000B0| 37 2C 35 36 6D 36 36 49 43 7A 34 34 4B 69 34 34  |7,56m66ICz44Ki44
000000C0| 4F 76 34 34 4F 38 2C 31 34 2C 31 39 35 33 2C 34  |Ov44O8,14,1953,4
000000D0| 34 43 4D 34 34 4B 41 34 34 47 74 34 34 47 4B 34  |4CM44KA44Gt44GK4
000000E0| 34 43 4E 2C 31 34 2C 31 39 30 39 2C 34 34 47 74  |4CN,14,1909,44Gt
000000F0| 34 34 4B 4B 34 34 4B 30 34 34 4F 65 2C 31 34 2C  |44KK44K044Oe,14,
00000100| 31 39 35 32 2C 65 58 52 31 61 32 74 35 2C 31 33  |1952,eXR1a2t5,13
00000110| 2C 31 38 32 31 25 30 44 33 32 35 38 44 32 45 44  |,1821%0D3258D2ED
00000120| 2C 31 33 31 39 2C 30 35 3A 34 30 2C 39 37 2C 36  |,1319,05:40,97,6
00000130| 62 4F 70 35 70 6D 43 36 4B 69 49 2C 31 35 2C 31  |bOp5pmC6KiI,15,1
00000140| 39 36 31 2C 55 32 78 76 64 31 4D 3D 2C 31 34 2C  |961,U2xvd1M=,14,
00000150| 31 38 39 36 2C 34 34 4F 63 34 34 4F 57 34 34 47  |1896,44Oc44OW44G
00000160| 4B 34 34 47 59 34 34 47 56 34 34 4B 54 2C 31 33  |K44GY44GV44KT,13
00000170| 2C 31 38 36 39 2C 34 34 4B 49 34 34 47 6A 34 34  |,1869,44KI44Gj44
00000180| 47 68 2C 31 35 2C 31 39 32 32 25 30 44 36 33 44  |Gh,15,1922%0D63D
00000190| 37 30 35 37 33 2C 31 33 32 37 2C 30 35 3A 34 30  |70573,1327,05:40
000001A0| 2C 39 37 2C 59 6D 39 69 4D 6A 6B 35 2C 31 34 2C  |,97,Ym9iMjk5,14,
000001B0| 31 38 37 31 2C 55 48 56 30 59 51 3D 3D 2C 31 34  |1871,UHV0YQ==,14
000001C0| 2C 31 38 37 38 2C 34 34 4B 6B 34 34 4F 46 34 34  |,1878,44Kk44OF44
000001D0| 4F 42 37 37 79 67 34 34 47 74 34 34 47 54 35 5A  |OB77yg44Gt44GT5Z
000001E0| 43 4D 35 35 75 66 2C 31 33 2C 31 39 34 30 2C 34  |CM55uf,13,1940,4
000001F0| 34 47 4B 35 61 53 61 35 36 61 50 34 34 47 75 35  |4GK5aSa56aP44Gu5
00000200| 5A 75 7A 2C 31 33 2C 31 38 36 30 25 30 44 30 33  |Zuz,13,1860%0D03
00000210| 31 46 36 39 45 36 2C 31 34 32 39 2C 30 35 3A 34  |1F69E6,1429,05:4
00000220| 32 2C 39 37 2C 34 34 47 38 34 34 4B 4C 34 34 47  |2,97,44G844KL44G
00000230| 4E 34 34 4B 44 34 34 47 72 35 5A 43 62 2C 31 35  |N44KD44Gr5ZCb,15
00000240| 2C 32 30 31 30 2C 5A 47 56 74 59 57 39 75 4D 6A  |,2010,ZGVtYW9uMj
00000250| 4D 3D 2C 31 34 2C 31 39 31 32 2C 34 34 4B 31 34  |M=,14,1912,44K14
00000260| 34 4F 7A 34 34 4B 2F 34 34 4B 76 34 34 4F 74 34  |4Oz44K/44Kv44Ot4
00000270| 34 4F 38 34 34 4B 35 2C 31 34 2C 31 38 33 32 2C  |4O844K5,14,1832,
00000280| 36 49 4B 4A 36 4A 32 75 2C 31 35 2C 32 30 30 32  |6IKJ6J2u,15,2002
00000290| 25 30 44 35 36 42 39 33 31 42 37 2C 31 33 32 37  |%0D56B931B7,1327
000002A0| 2C 30 35 3A 34 34 2C 39 37 2C 34 34 4B 6B 34 34  |,05:44,97,44Kk44
000002B0| 4F 72 34 34 47 75 35 6F 47 76 35 61 32 51 2C 31  |Or44Gu5oGv5a2Q,1
000002C0| 34 2C 31 38 39 33 2C 51 65 4F 43 75 65 4F 43 73  |4,1893,QeOCueOCs
000002D0| 51 3D 3D 2C 31 33 2C 31 38 32 34 2C 4D 54 4C 6C  |Q==,13,1824,MTLl
000002E0| 68 6F 59 3D 2C 31 34 2C 31 38 37 35 2C 37 37 79  |hoY=,14,1875,77y
000002F0| 6B 37 37 79 49 35 36 79 73 35 4C 71 4D 35 62 32  |k77yI56ys5LqM5b2
00000300| 35 35 5A 4F 68 35 4C 79 61 37 37 79 4A 2C 31 33  |55ZOh5Lya77yJ,13
00000310| 2C 31 38 39 34 25 30 44 37 35 37 32 37 31 44 38  |,1894%0D757271D8
00000320| 2C 31 34 31 39 2C 30 35 3A 34 36 2C 39 37 2C 34  |,1419,05:46,97,4
00000330| 34 43 54 35 71 47 43 36 61 61 73 34 34 43 54 2C  |4CT5qGC6aas44CT,
00000340| 31 36 2C 31 39 38 35 2C 36 49 71 78 35 37 4B 4A  |16,1985,6Iqx57KJ
00000350| 35 35 65 48 2C 31 35 2C 31 39 36 35 2C 4D 54 6B  |55eH,15,1965,MTk
00000360| 30 4E 57 74 76 2C 31 34 2C 31 38 37 32 2C 59 56  |0NWtv,14,1872,YV
00000370| 39 7A 61 47 6C 66 62 57 38 3D 2C 31 34 2C 31 39  |9zaGlfbW8=,14,19
00000380| 34 31 25 30 44 35 44 34 37 38 37 39 38 2C 31 34  |41%0D5D478798,14
00000390| 31 39 2C 30 35 3A 34 39 2C 34 31 2C 36 5A 57 33  |19,05:49,41,6ZW3
000003A0| 35 62 4B 68 35 61 53 6E 35 70 69 4F 35 36 57 65  |5bKh5aSn5piO56We
000003B0| 2C 31 36 2C 32 30 30 39 2C 34 34 4B 34 34 34 4B  |,16,2009,44K444K
000003C0| 6B 34 34 4B 37 2C 31 35 2C 31 39 31 33 2C 34 34  |k44K7,15,1913,44
000003D0| 47 52 34 34 4B 54 34 34 47 66 34 34 4B 4E 34 34  |GR44KT44Gf44KN44
000003E0| 47 47 2C 31 34 2C 32 30 32 35 2C 35 59 65 34 35  |GG,14,2025,5Ye45
000003F0| 71 32 76 36 49 79 4F 35 59 65 34 2C 31 34 2C 31  |q2v6IyO5Ye4,14,1
00000400| 39 39 37 25 30 44 36 37 45 42 42 36 36 41 2C 31  |997%0D67EBB66A,1
00000410| 33 32 38 2C 30 35 3A 35 31 2C 39 37 2C 37 37 79  |328,05:51,97,77y
00000420| 67 37 37 79 67 37 37 79 67 37 37 79 67 37 37 79  |g77yg77yg77yg77y
00000430| 67 2C 31 34 2C 31 39 32 30 2C 34 34 4B 47 34 34  |g,14,1920,44KG44
00000440| 4B 4B 34 34 47 5A 2C 31 33 2C 31 38 34 31 2C 36  |KK44GZ,13,1841,6
00000450| 4B 4F 50 52 45 52 55 2C 31 36 2C 32 30 32 30 2C  |KOPRERU,16,2020,
00000460| 34 34 47 74 34 34 4B 4B 34 34 4B 30 34 34 4F 65  |44Gt44KK44K044Oe
00000470| 2C 31 34 2C 31 39 35 34 22 2F 3E 00              |,14,1954"/>.
            
20:53:15: client->server
00000000| 3C 5A 20 2F 3E 00 3C 50 58 52 20 76 3D 22 30 22  |<Z />.<PXR v="0"
00000010| 20 2F 3E 00                                      | />.
                                    
20:53:15: server->client
00000000| 3C 4C 4E 20 6E 3D 22 4F 56 31 4D 79 31 47 75 31  |<LN n="OV1My1Gu1
00000010| 67 34 42 31 42 33 43 31 37 42 31 36 44 38 77 33  |g4B1B3C17B16D8w3
00000020| 4D 31 42 49 31 49 33 59 31 32 45 34 42 4D 31 32  |M1BI1I3Y12E4BM12
00000030| 45 34 55 38 42 31 42 31 62 31 65 33 4A 31 47 22  |E4U8B1B1b1e3J1G"
00000040| 2F 3E 00                                         |/>.
                                       
20:53:20: client->server
00000000| 3C 5A 20 2F 3E 00 3C 50 58 52 20 76 3D 22 30 22  |<Z />.<PXR v="0"
00000010| 20 2F 3E 00                                      | />.
                                    
20:53:20: server->client
00000000| 3C 4C 4E 20 6E 3D 22 4F 5A 31 4E 43 31 47 79 31  |<LN n="OZ1NC1Gy1
00000010| 67 34 42 31 43 33 43 31 42 31 36 42 31 36 44 38  |g4B1C3C1B16B16D8
00000020| 77 33 4D 31 42 49 31 49 33 59 31 32 45 34 42 4D  |w3M1BI1I3Y12E4BM
00000030| 31 32 45 34 55 38 42 31 43 31 62 31 65 33 4A 31  |12E4U8B1C1b1e3J1
00000040| 47 22 2F 3E 00                                   |G"/>.
                                 
20:53:25: client->server
00000000| 3C 5A 20 2F 3E 00 3C 50 58 52 20 76 3D 22 30 22  |<Z />.<PXR v="0"
00000010| 20 2F 3E 00                                      | />.
                                    
20:53:25: server->client
00000000| 3C 4C 4E 20 6E 3D 22 4F 5A 31 4E 42 31 47 78 31  |<LN n="OZ1NB1Gx1
00000010| 67 34 43 31 43 33 43 31 42 31 36 42 31 36 44 38  |g4C1C3C1B16B16D8
00000020| 77 33 4D 31 42 49 31 49 33 59 31 32 45 34 42 4D  |w3M1BI1I3Y12E4BM
00000030| 31 32 45 34 55 38 42 31 43 31 62 31 65 33 4A 31  |12E4U8B1C1b1e3J1
00000040| 47 22 2F 3E 00                                   |G"/>.
                                 
20:53:30: client->server
00000000| 3C 5A 20 2F 3E 00 3C 50 58 52 20 76 3D 22 30 22  |<Z />.<PXR v="0"
00000010| 20 2F 3E 00                                      | />.
                                    
20:53:30: server->client
00000000| 3C 4C 4E 20 6E 3D 22 4F 5A 31 4E 42 31 47 75 31  |<LN n="OZ1NB1Gu1
00000010| 6B 34 44 31 43 33 43 31 42 31 36 42 31 36 44 38  |k4D1C3C1B16B16D8
00000020| 77 33 4D 31 42 49 31 49 33 59 31 32 45 34 42 4D  |w3M1BI1I3Y12E4BM
00000030| 31 32 45 34 55 31 30 62 31 68 33 4A 31 47 22 2F  |12E4U10b1h3J1G"/
00000040| 3E 00                                            |>.
                                          
20:53:35: client->server
00000000| 3C 5A 20 2F 3E 00 3C 50 58 52 20 76 3D 22 30 22  |<Z />.<PXR v="0"
00000010| 20 2F 3E 00                                      | />.
                                    
20:53:35: server->client
00000000| 3C 4C 4E 20 6E 3D 22 4F 56 31 4D 79 31 47 71 31  |<LN n="OV1My1Gq1
00000010| 6B 35 43 33 43 31 42 31 36 42 31 36 44 38 77 33  |k5C3C1B16B16D8w3
00000020| 51 31 42 49 31 49 33 59 31 32 45 34 42 4D 31 32  |Q1BI1I3Y12E4BM12
00000030| 45 34 55 31 30 62 31 65 33 4A 31 47 22 2F 3E 00  |E4U10b1e3J1G"/>.

20:53:40: client->server
00000000| 3C 5A 20 2F 3E 00 3C 50 58 52 20 76 3D 22 30 22  |<Z />.<PXR v="0"
00000010| 20 2F 3E 00                                      | />.
                                    
20:53:41: server->client
00000000| 3C 4C 4E 20 6E 3D 22 4F 56 31 4D 79 31 47 71 31  |<LN n="OV1My1Gq1
00000010| 6F 31 42 34 43 33 43 31 43 31 36 42 31 36 44 38  |o1B4C3C1C16B16D8
00000020| 77 33 51 31 42 49 31 49 33 59 31 32 45 34 42 4D  |w3Q1BI1I3Y12E4BM
00000030| 31 32 45 34 55 31 30 62 31 65 33 4A 31 47 22 2F  |12E4U10b1e3J1G"/
00000040| 3E 00                                            |>.
                                          
20:53:45: client->server
00000000| 3C 5A 20 2F 3E 00 3C 50 58 52 20 76 3D 22 30 22  |<Z />.<PXR v="0"
00000010| 20 2F 3E 00                                      | />.
                                    
20:53:50: client->server
00000000| 3C 5A 20 2F 3E 00 3C 50 58 52 20 76 3D 22 30 22  |<Z />.<PXR v="0"
00000010| 20 2F 3E 00                                      | />.
                                    
20:53:50: server->client
00000000| 3C 4C 4E 20 6E 3D 22 4F 50 31 4D 73 31 47 77 31  |<LN n="OP1Ms1Gw1
00000010| 67 31 42 34 43 33 43 31 43 31 36 43 31 36 44 38  |g1B4C3C1C16C16D8
00000020| 77 33 51 31 42 45 31 49 33 59 31 32 45 34 42 49  |w3Q1BE1I3Y12E4BI
00000030| 31 32 45 34 51 39 42 31 62 31 65 33 4A 31 47 22  |12E4Q9B1b1e3J1G"
00000040| 2F 3E 00                                         |/>.
                                       
20:53:50: server->client
00000000| 3C 50 52 4F 46 20 72 61 6E 6B 69 6E 67 3D 22 31  |<PROF ranking="1
00000010| 44 41 6F 32 44 41 78 35 48 47 72 22 2F 3E 00     |DAo2DAx5HGr"/>.
   
20:53:51: client->server
00000000| 3C 42 59 45 20 2F 3E 00                          |<BYE />.
                        
20:54:00: client->server
00000000| 3C 5A 20 2F 3E 00                                |<Z />.
                              
20:54:15: client->server
00000000| 3C 5A 20 2F 3E 00                                |<Z />.
                              
20:54:30: client->server
00000000| 3C 5A 20 2F 3E 00                                |<Z />.
                              
20:54:45: client->server
00000000| 3C 5A 20 2F 3E 00                                |<Z />.
                              
20:55:00: client->server
00000000| 3C 5A 20 2F 3E 00                                |<Z />.
                              
20:55:15: client->server
00000000| 3C 5A 20 2F 3E 00                                |<Z />.
                              
20:55:30: client->server
00000000| 3C 5A 20 2F 3E 00                                |<Z />.
                              
20:55:45: client->server
00000000| 3C 5A 20 2F 3E 00                                |<Z />.
                              
20:56:00: client->server
00000000| 3C 5A 20 2F 3E 00                                |<Z />.
                              
20:56:15: client->server
00000000| 3C 5A 20 2F 3E 00                                |<Z />.
                              
20:56:30: client->server
00000000| 3C 5A 20 2F 3E 00                                |<Z />.
                              
20:56:45: client->server
00000000| 3C 5A 20 2F 3E 00                                |<Z />.
                              
20:57:00: client->server
00000000| 3C 5A 20 2F 3E 00                                |<Z />.
                              
20:57:15: client->server
00000000| 3C 5A 20 2F 3E 00                                |<Z />.
                              
20:57:30: client->server
00000000| 3C 5A 20 2F 3E 00                                |<Z />.
                              
20:57:45: client->server
00000000| 3C 5A 20 2F 3E 00                                |<Z />.
                              
20:58:00: client->server
00000000| 3C 5A 20 2F 3E 00                                |<Z />.
                              
20:58:15: client->server
00000000| 3C 5A 20 2F 3E 00                                |<Z />.
                              
20:58:30: client->server
00000000| 3C 5A 20 2F 3E 00                                |<Z />.
                              
20:58:45: client->server
00000000| 3C 5A 20 2F 3E 00                                |<Z />.
                              
20:59:00: client->server
00000000| 3C 5A 20 2F 3E 00                                |<Z />.
                              
20:59:15: client->server
00000000| 3C 5A 20 2F 3E 00                                |<Z />.
                              
20:59:30: client->server
00000000| 3C 5A 20 2F 3E 00                                |<Z />.
                              
20:59:45: client->server
00000000| 3C 5A 20 2F 3E 00                                |<Z />.
                              
21:00:00: client->server
00000000| 3C 5A 20 2F 3E 00                                |<Z />.
                              
21:00:15: client->server
00000000| 3C 5A 20 2F 3E 00                                |<Z />.
                              
21:00:30: client->server
00000000| 3C 5A 20 2F 3E 00                                |<Z />.
                              
21:00:45: client->server
00000000| 3C 5A 20 2F 3E 00                                |<Z />.
                              
21:01:00: client->server
00000000| 3C 5A 20 2F 3E 00                                |<Z />.
                              
21:01:15: client->server
00000000| 3C 5A 20 2F 3E 00                                |<Z />.
                              
21:01:30: client->server
00000000| 3C 5A 20 2F 3E 00                                |<Z />.
                              
21:01:45: client->server
00000000| 3C 5A 20 2F 3E 00                                |<Z />.
                              
21:02:00: client->server
00000000| 3C 5A 20 2F 3E 00                                |<Z />.
                              
21:02:15: client->server
00000000| 3C 5A 20 2F 3E 00                                |<Z />.
                              
21:02:30: client->server
00000000| 3C 5A 20 2F 3E 00                                |<Z />.
                              
21:02:45: client->server
00000000| 3C 5A 20 2F 3E 00                                |<Z />.
                              
21:03:00: client->server
00000000| 3C 5A 20 2F 3E 00                                |<Z />.
                              
21:03:15: client->server
00000000| 3C 5A 20 2F 3E 00                                |<Z />.
                              
21:03:30: client->server
00000000| 3C 5A 20 2F 3E 00                                |<Z />.
                              
21:03:45: client->server
00000000| 3C 5A 20 2F 3E 00                                |<Z />.
                              
21:04:00: client->server
00000000| 3C 5A 20 2F 3E 00                                |<Z />.
                              
21:04:15: client->server
00000000| 3C 5A 20 2F 3E 00                                |<Z />.
                              
21:04:30: client->server
00000000| 3C 5A 20 2F 3E 00                                |<Z />.
                              
21:04:45: client->server
00000000| 3C 5A 20 2F 3E 00                                |<Z />.
                              
21:05:00: client->server
00000000| 3C 5A 20 2F 3E 00                                |<Z />.
                              
21:05:15: client->server
00000000| 3C 5A 20 2F 3E 00                                |<Z />.
                              
21:05:30: client->server
00000000| 3C 5A 20 2F 3E 00                                |<Z />.
                              
21:05:34: error: recv: Invalid argument
